Day;TMean;TMax;TMin;RHMean;RHMax;RHMmin;Rain;VMean;VMax;VDir;Rad;Eto
01-01-2020;22.2;28.7;18.0;89.1;99.6;57.8;30.8;1.9;10.0;NE;16.73;3.03
02-01-2020;21.0;26.2;18.1;91.7;99.6;65.9;10.2;2.1;7.0;SE;14.53;2.54
03-01-2020;21.8;27.6;17.3;85.5;99.6;59.7;35.4;2.3;10.4;S;20.60;3.65
04-01-2020;21.1;28.8;17.7;91.4;99.6;56.3;13.2;2.1;10.7;NE;19.29;3.38
05-01-2020;22.2;28.5;17.2;88.1;99.6;55.5;4.2;1.6;9.2;N;24.49;4.54
06-01-2020;23.5;29.9;19.3;86.5;99.6;57.2;26.0;1.9;8.9;N;23.80;4.44
07-01-2020;22.6;28.5;19.6;94.2;99.6;66.4;4.8;1.6;5.8;N;18.83;3.49
08-01-2020;22.5;27.5;20.0;95.3;99.6;73.2;0.4;1.1;8.3;N;12.65;2.40
09-01-2020;24.0;29.7;19.7;84.7;99.6;50.9;0.2;1.2;7.4;NO;22.34;4.36
10-01-2020;24.5;29.0;21.1;86.5;99.5;59.4;3.0;1.2;7.7;SO;21.09;4.16
11-01-2020;24.2;32.0;20.2;86.6;99.6;49.1;28.2;1.4;10.6;SO;22.58;4.38
12-01-2020;23.1;27.2;20.4;89.9;99.5;66.0;0.0;2.1;6.2;S;17.57;3.20
13-01-2020;23.5;29.2;19.3;85.6;99.5;55.3;0.0;1.8;5.6;SE;17.70;3.31
14-01-2020;26.1;32.2;20.4;72.8;99.5;42.3;0.0;1.7;6.8;SO;29.11;5.74
15-01-2020;26.9;33.2;21.3;69.1;99.5;38.6;0.0;1.6;8.5;O;25.95;5.22
16-01-2020;22.5;27.2;18.2;87.0;99.5;68.0;0.0;3.9;8.8;S;20.56;3.39
17-01-2020;22.8;29.6;17.6;80.2;96.9;56.8;0.0;3.3;7.9;SE;24.19;4.15
18-01-2020;23.7;31.8;18.4;82.1;99.5;48.2;0.0;2.5;7.7;SE;21.19;3.86
19-01-2020;22.7;29.7;18.9;88.0;99.5;59.0;42.8;2.4;7.6;SE;18.87;3.37
20-01-2020;22.6;30.4;16.7;80.7;99.5;50.8;0.0;2.3;8.0;SE;24.33;4.39
21-01-2020;21.7;27.7;18.4;88.8;99.5;64.4;5.8;3.0;8.9;SE;17.31;2.93
22-01-2020;20.0;22.6;18.8;99.3;99.5;93.8;31.6;1.8;5.5;SE;7.29;1.24
23-01-2020;20.9;26.0;17.1;87.6;99.6;61.2;0.6;2.7;8.3;S;24.19;4.10
24-01-2020;21.4;28.0;15.9;73.4;99.1;43.9;0.0;2.0;6.5;S;29.15;5.21
25-01-2020;23.7;29.9;17.1;56.1;85.1;32.7;0.0;1.3;5.6;S;26.69;5.19
26-01-2020;25.6;31.3;19.8;45.0;61.0;33.6;0.0;1.6;6.8;S;30.59;6.04
27-01-2020;25.2;31.5;20.6;63.9;93.6;41.7;0.0;1.7;8.2;L;27.72;5.41
28-01-2020;22.8;27.6;20.2;89.2;99.5;65.3;2.8;2.4;7.3;NE;21.19;3.80
29-01-2020;22.1;27.3;20.2;96.0;99.5;73.5;1.8;1.7;7.1;N;10.92;1.98
30-01-2020;22.7;27.7;19.7;88.8;99.6;65.5;1.8;2.2;6.7;NO;18.44;3.33
31-01-2020;21.7;26.8;19.5;96.1;99.6;75.1;17.8;0.9;8.6;SO;11.08;2.09
01-02-2020;23.1;28.5;19.4;88.4;99.6;55.7;0.2;0.8;7.1;SO;18.81;3.70
02-02-2020;22.3;28.9;19.4;91.4;99.5;60.2;0.4;1.6;8.9;SE;14.04;2.59
03-02-2020;22.6;29.5;19.5;89.4;99.5;50.5;15.4;2.0;8.5;L;20.34;3.70
04-02-2020;22.2;28.7;19.6;91.6;99.6;58.2;23.0;1.2;7.1;NE;19.51;3.69
05-02-2020;21.3;26.4;19.5;95.9;99.6;71.3;36.6;0.8;7.1;NE;11.93;2.26
06-02-2020;20.6;26.6;18.0;93.1;99.6;64.3;5.4;2.7;9.2;L;18.94;3.18
07-02-2020;22.3;27.5;18.6;85.8;99.5;59.8;0.6;2.4;8.6;NE;22.63;4.01
08-02-2020;21.1;24.9;19.5;95.6;99.6;78.4;7.6;2.8;8.6;N;13.30;2.23
09-02-2020;20.8;22.4;19.8;99.5;99.6;99.2;33.6;1.8;8.2;N;5.67;0.98
10-02-2020;19.2;22.0;17.0;98.4;99.6;90.9;15.4;2.4;8.0;S;11.88;1.95
11-02-2020;19.2;23.0;16.5;95.0;99.5;83.1;0.0;3.0;7.6;S;12.08;1.92
12-02-2020;20.9;27.9;16.3;85.7;99.6;49.8;0.0;2.0;7.0;S;16.80;2.96
13-02-2020;23.0;29.9;17.3;78.3;99.5;45.0;0.0;2.0;8.6;S;25.48;4.71
14-02-2020;24.8;30.9;20.0;74.0;94.6;48.6;0.0;1.7;7.0;SE;25.25;4.89
15-02-2020;25.2;31.3;20.1;73.8;97.1;46.3;0.0;1.7;6.4;SE;26.17;5.11
16-02-2020;25.6;31.7;20.1;73.6;99.5;44.0;0.0;1.7;5.8;L;27.09;5.32
17-02-2020;23.9;31.8;19.4;80.8;99.6;45.8;0.2;1.4;6.2;NE;26.05;5.04
18-02-2020;24.2;31.0;20.1;86.5;99.6;52.5;2.2;1.3;7.0;NE;25.97;5.06
19-02-2020;22.8;29.5;19.9;91.2;99.6;61.8;31.2;1.3;13.0;NO;20.37;3.87
20-02-2020;23.5;30.1;19.3;87.0;99.6;55.3;46.8;1.0;7.3;NO;24.16;4.75
21-02-2020;21.1;24.1;19.7;100.0;100.0;83.2;1.8;0.8;7.3;O;7.16;1.33
22-02-2020;21.8;28.3;17.5;88.9;99.6;60.3;0.0;2.0;8.5;S;21.71;3.89
23-02-2020;20.9;28.2;16.1;85.0;99.5;60.3;6.8;3.3;11.3;SE;22.20;3.66
24-02-2020;21.3;24.4;18.6;94.6;99.6;81.1;1.0;2.0;6.1;L;11.00;1.93
25-02-2020;23.1;28.5;19.7;89.7;99.6;62.1;0.8;1.6;6.8;N;19.47;3.66
26-02-2020;20.8;23.4;19.3;99.5;99.6;98.2;81.6;1.7;8.2;N;3.03;0.51
27-02-2020;19.9;24.0;17.1;92.5;99.6;74.7;40.0;3.5;8.8;S;19.50;3.08
28-02-2020;18.8;23.0;16.0;97.8;99.6;87.4;1.8;2.8;8.2;S;8.32;1.30
29-02-2020;20.9;27.3;17.2;89.8;99.6;66.9;0.0;1.7;7.7;S;12.93;2.31
01-03-2020;21.0;27.1;17.6;88.1;99.5;62.4;3.4;4.0;11.0;SE;21.01;3.33
02-03-2020;20.8;26.6;16.5;82.1;99.5;53.7;0.0;3.5;8.8;SE;21.22;3.45
03-03-2020;20.3;27.2;16.0;84.5;98.8;54.8;0.0;2.7;7.7;S;18.67;3.12
04-03-2020;21.5;28.2;15.9;78.3;99.5;45.8;0.0;2.3;7.1;S;24.86;4.38
05-03-2020;21.2;28.2;15.6;73.0;99.5;36.9;0.0;2.8;7.1;S;25.94;4.44
06-03-2020;20.3;27.7;14.9;72.7;95.0;42.6;0.0;2.6;8.5;S;25.55;4.32
07-03-2020;21.0;29.0;14.5;72.9;99.0;35.9;0.0;2.4;6.7;S;25.91;4.50
08-03-2020;21.7;28.9;16.5;73.5;96.5;34.1;0.0;2.8;7.1;L;24.26;4.20
09-03-2020;22.4;30.4;16.6;73.9;98.8;37.0;0.0;2.4;7.1;SE;24.07;4.30
10-03-2020;23.6;31.3;18.6;71.8;98.0;41.0;0.0;2.4;7.6;SE;25.35;4.65
11-03-2020;24.4;31.4;19.6;68.6;94.1;39.2;0.0;2.4;7.9;L;25.24;4.69
12-03-2020;24.1;30.9;19.1;68.6;95.2;41.3;0.0;2.4;7.7;SE;23.23;4.30
13-03-2020;24.6;31.6;19.7;66.1;89.1;36.4;0.0;2.2;7.3;SE;25.18;4.76
14-03-2020;25.2;32.5;20.2;65.2;87.6;35.5;0.0;2.2;8.2;L;24.87;4.74
15-03-2020;24.7;31.7;19.5;72.0;99.5;42.7;3.0;1.7;7.6;NE;21.36;4.13
16-03-2020;23.5;29.6;18.9;80.5;99.5;52.7;0.8;1.4;8.6;N;22.65;4.34
17-03-2020;23.7;30.3;19.7;77.6;99.5;50.2;0.0;2.3;7.3;SE;21.28;3.91
18-03-2020;22.8;30.3;19.8;84.5;99.4;53.0;5.6;2.0;11.8;SE;16.52;3.03
19-03-2020;23.1;27.6;20.2;84.1;99.5;60.9;4.8;0.4;8.0;NO;12.80;2.56
20-03-2020;22.1;26.2;19.4;93.2;99.5;70.6;2.2;1.2;7.0;NO;12.82;2.40
21-03-2020;21.6;26.5;18.4;88.8;99.5;67.7;19.0;2.1;7.6;S;18.64;3.31
22-03-2020;21.3;27.3;17.0;73.2;93.9;47.9;0.0;3.4;8.3;S;23.61;3.93
23-03-2020;20.8;28.0;16.1;74.2;98.2;47.0;0.0;3.3;9.2;SE;21.24;3.51
24-03-2020;20.5;27.1;15.5;67.5;88.9;32.5;0.0;2.9;7.3;SE;24.20;4.05
25-03-2020;20.1;27.9;15.2;64.5;90.0;33.8;0.0;2.5;7.6;SE;21.81;3.72
26-03-2020;21.1;28.7;15.4;65.6;90.6;32.1;0.0;2.5;7.4;SE;25.33;4.39
27-03-2020;21.7;28.6;16.7;63.2;87.7;38.9;0.0;3.1;8.5;L;24.40;4.18
28-03-2020;22.8;29.4;18.1;74.8;95.4;48.3;0.4;2.0;7.6;L;20.80;3.83
29-03-2020;20.6;26.4;18.2;94.4;99.6;72.0;26.2;1.4;6.2;L;7.16;1.28
30-03-2020;21.7;26.7;18.1;86.4;99.6;59.9;0.2;1.0;4.7;SE;16.47;3.12
31-03-2020;23.1;30.4;18.3;80.1;99.5;47.2;0.0;1.3;5.5;S;22.90;4.40
01-04-2020;24.0;31.4;18.3;72.9;98.9;37.9;0.0;2.0;5.9;SE;23.54;4.44
02-04-2020;24.5;29.9;19.9;73.7;89.1;51.9;0.0;2.2;8.0;N;21.30;4.01
03-04-2020;23.5;29.2;18.6;80.2;99.5;51.7;0.0;2.3;10.9;O;19.62;3.60
04-04-2020;21.1;28.2;14.4;59.9;96.4;24.8;0.0;2.1;6.7;SO;24.17;4.31
05-04-2020;22.8;29.7;16.5;57.6;80.9;34.5;0.0;1.8;5.0;S;23.03;4.29
06-04-2020;25.2;30.5;20.0;55.1;65.0;40.8;0.0;1.8;9.5;SO;23.03;4.48
07-04-2020;21.5;25.8;19.3;83.7;99.5;54.4;1.0;2.3;10.1;S;11.06;1.94
08-04-2020;20.5;27.5;15.8;82.3;99.5;52.3;0.0;3.1;7.7;S;19.28;3.19
09-04-2020;18.7;26.4;13.2;68.1;96.3;37.1;0.0;2.7;8.0;S;23.53;3.83
10-04-2020;19.7;26.9;12.8;61.8;94.3;27.8;0.0;2.0;5.8;S;23.17;3.89
11-04-2020;20.3;27.3;15.0;65.3;88.0;36.7;0.0;2.3;7.3;S;21.58;3.72
12-04-2020;20.3;27.5;14.6;69.0;94.0;40.2;0.0;2.5;6.4;SE;21.13;3.61
13-04-2020;20.9;28.4;15.3;71.0;94.1;43.2;0.0;2.2;7.4;SE;19.63;3.44
14-04-2020;17.9;20.6;16.3;90.9;99.6;69.9;3.2;1.4;10.0;NE;4.45;0.73
15-04-2020;18.5;22.9;14.9;89.9;99.6;68.7;0.2;0.9;5.8;NO;12.99;2.32
16-04-2020;19.8;26.2;15.5;72.0;91.3;53.1;0.0;1.4;5.3;SO;17.61;3.15
17-04-2020;20.8;28.3;15.4;72.1;96.7;48.5;0.0;2.6;8.6;S;20.38;3.49
18-04-2020;19.2;27.3;13.4;80.1;98.2;54.3;0.0;3.3;8.5;SE;19.61;3.12
19-04-2020;19.6;28.0;14.8;79.7;97.6;47.5;0.0;2.6;7.4;SE;17.57;2.92
20-04-2020;20.1;27.6;15.3;74.1;97.6;44.9;0.0;2.2;6.8;SE;19.40;3.34
21-04-2020;20.9;28.3;16.2;64.2;85.9;36.8;0.0;1.9;5.3;S;19.29;3.44
22-04-2020;20.8;27.2;15.5;58.4;84.1;33.9;0.0;2.1;8.6;S;21.14;3.74
23-04-2020;20.6;27.9;14.3;60.6;93.7;32.7;0.0;2.1;5.6;S;20.73;3.64
24-04-2020;21.4;28.8;15.8;73.1;94.1;46.6;0.0;2.2;6.2;L;15.87;2.82
25-04-2020;22.1;28.9;17.3;63.1;82.5;34.6;0.0;2.2;6.8;L;20.51;3.70
26-04-2020;22.2;28.5;17.6;56.2;74.4;35.3;0.0;1.7;6.7;SE;20.53;3.79
27-04-2020;20.2;27.2;14.8;67.4;92.7;43.3;0.0;3.1;8.3;SE;20.17;3.33
28-04-2020;19.9;26.1;15.2;61.0;87.3;35.4;0.0;2.1;8.2;L;20.96;3.63
29-04-2020;20.7;26.9;14.7;54.5;74.9;34.0;0.0;0.9;5.8;L;20.62;3.89
30-04-2020;21.9;27.2;16.8;54.7;71.7;39.2;0.0;0.9;5.3;SO;17.84;3.41
01-05-2020;23.3;28.9;19.3;53.3;67.4;35.3;0.0;1.1;4.6;S;17.27;3.36
02-05-2020;22.6;27.8;16.9;52.4;81.2;30.1;0.0;1.9;6.8;O;18.78;3.48
03-05-2020;18.5;24.7;14.1;73.1;98.7;47.1;0.0;3.5;9.2;S;19.98;3.10
04-05-2020;18.2;25.6;12.0;62.7;91.7;30.7;0.0;2.1;6.1;S;20.09;3.36
05-05-2020;21.1;27.9;15.9;52.2;65.2;30.9;0.0;1.6;8.0;S;16.39;2.99
06-05-2020;21.7;26.8;16.8;57.4;85.9;38.6;0.0;1.5;7.0;SO;12.02;2.23
07-05-2020;15.9;21.5;11.1;82.1;99.5;57.7;0.0;3.3;8.3;S;13.74;1.99
08-05-2020;16.8;23.7;10.0;65.5;99.0;37.7;0.0;2.8;7.7;SE;19.86;3.04
09-05-2020;17.8;25.3;12.6;63.5;92.5;35.1;0.0;2.2;7.4;L;19.59;3.22
10-05-2020;18.2;25.2;11.9;59.6;87.2;32.0;0.0;1.8;6.8;L;19.54;3.32
11-05-2020;18.7;25.9;12.8;61.4;88.6;32.7;0.0;1.8;7.4;L;19.39;3.33
12-05-2020;19.9;26.5;14.4;56.2;77.7;32.8;0.0;1.8;9.5;L;17.77;3.14
13-05-2020;19.0;24.9;14.5;71.5;88.1;54.2;0.0;1.6;7.4;NE;8.92;1.54
14-05-2020;18.7;22.3;16.5;85.2;99.5;73.0;3.6;1.2;5.0;S;6.54;1.13
15-05-2020;18.0;24.9;15.0;88.5;99.6;58.0;0.6;2.3;5.6;S;13.04;2.11
16-05-2020;18.8;25.0;15.0;72.4;96.0;43.5;0.0;1.9;7.1;S;17.00;2.90
17-05-2020;19.2;26.5;13.4;57.9;89.5;25.5;0.0;2.1;5.8;SE;18.91;3.23
18-05-2020;20.8;26.7;16.8;45.8;65.3;30.2;0.0;2.2;6.7;SE;18.48;3.26
19-05-2020;19.7;26.1;14.5;62.7;81.4;41.1;0.0;2.6;9.1;L;17.55;2.95
20-05-2020;19.8;25.9;15.3;69.0;93.8;43.1;0.0;2.7;8.2;L;15.85;2.65
21-05-2020;20.1;26.8;14.9;66.5;89.6;41.5;0.0;1.8;6.5;L;16.85;2.97
22-05-2020;20.7;27.0;15.3;69.1;89.4;43.0;0.0;2.0;7.7;NE;15.87;2.80
23-05-2020;16.3;21.0;12.3;97.7;99.6;69.1;19.0;2.9;8.9;NO;2.29;0.32
24-05-2020;11.2;13.7;9.5;92.7;99.6;77.0;0.0;1.2;5.8;O;7.22;1.03
25-05-2020;12.8;18.9;9.2;73.1;98.0;41.7;0.0;2.4;8.2;NO;18.22;2.58
26-05-2020;13.3;19.7;7.6;62.6;93.8;29.1;0.0;1.8;7.1;O;18.90;2.84
27-05-2020;15.5;23.1;9.9;51.4;72.6;24.2;0.0;1.6;4.3;SO;18.45;2.99
28-05-2020;16.4;25.1;8.4;46.3;75.7;20.2;0.0;2.4;6.1;SE;18.55;2.94
29-05-2020;18.6;25.5;12.3;45.4;71.1;25.5;0.0;2.0;7.0;L;18.37;3.14
30-05-2020;19.0;25.1;13.9;45.5;60.1;28.5;0.0;1.4;5.8;L;17.97;3.18
31-05-2020;19.4;23.9;12.4;45.7;69.4;32.4;0.0;1.0;5.6;O;17.34;3.16
01-06-2020;20.1;25.5;15.4;51.3;69.7;37.6;0.0;1.1;4.6;NO;16.95;3.12
02-06-2020;18.6;24.8;13.1;62.7;86.4;43.8;0.4;1.2;5.3;O;12.01;2.12
03-06-2020;19.5;26.5;15.1;70.5;91.4;38.9;0.0;1.4;4.9;SE;11.56;2.05
04-06-2020;20.0;26.9;15.9;82.3;99.5;47.5;0.8;2.5;6.1;SE;14.92;2.51
05-06-2020;20.4;26.2;16.8;81.7;99.5;55.5;0.2;2.5;6.4;L;11.54;1.96
06-06-2020;20.6;26.4;17.0;78.0;99.4;52.7;0.0;2.3;8.5;N;12.97;2.23
07-06-2020;19.4;23.7;16.9;92.9;99.5;71.3;14.2;1.1;5.0;NO;10.78;1.93
08-06-2020;21.7;27.1;17.5;80.6;99.5;53.2;0.0;0.7;5.9;S;12.73;2.44
09-06-2020;21.6;28.3;17.9;78.0;99.4;48.5;0.6;1.6;10.3;L;14.69;2.69
10-06-2020;22.2;27.7;17.8;69.6;95.6;43.7;0.0;1.4;8.2;NO;13.78;2.58
11-06-2020;22.6;28.2;17.0;59.9;79.8;39.9;0.0;1.4;6.1;NO;16.25;3.07
12-06-2020;23.3;28.5;18.7;55.1;71.6;38.1;0.0;1.1;5.8;L;15.70;3.05
13-06-2020;22.7;28.7;18.0;54.5;73.6;35.1;0.0;1.3;6.7;O;15.58;2.97
14-06-2020;19.4;25.5;14.0;76.0;97.8;54.4;0.0;4.1;10.3;S;16.29;2.50
15-06-2020;18.4;25.0;14.0;75.1;97.7;49.1;0.0;3.0;9.1;SE;16.82;2.67
16-06-2020;18.8;25.1;14.3;72.5;90.4;48.8;0.0;2.4;8.3;L;16.58;2.75
17-06-2020;18.0;24.5;14.5;77.6;94.5;50.7;0.0;3.0;7.9;L;16.25;2.55
18-06-2020;18.1;24.9;12.5;69.6;94.2;42.0;0.0;2.0;8.2;NE;15.60;2.60
19-06-2020;19.7;25.1;14.1;63.8;86.8;44.7;0.0;1.5;6.4;L;15.10;2.69
20-06-2020;21.5;28.0;16.0;59.1;79.9;37.3;0.0;1.3;5.6;L;16.59;3.10
21-06-2020;21.5;27.0;16.4;61.0;92.0;33.4;0.0;1.6;7.7;NE;16.13;2.96
22-06-2020;20.9;26.6;16.8;54.7;70.1;35.5;0.0;1.2;5.6;L;16.29;3.02
23-06-2020;18.7;24.4;14.2;58.2;78.4;36.2;0.0;1.6;8.6;L;15.09;2.61
24-06-2020;19.2;25.8;13.5;58.0;75.3;37.1;0.0;1.5;7.3;NE;15.02;2.65
25-06-2020;20.9;27.6;15.0;62.4;82.7;41.3;0.0;2.0;8.5;NE;15.46;2.75
26-06-2020;19.5;25.4;15.9;80.0;96.9;52.0;0.0;2.1;7.0;SE;8.82;1.50
27-06-2020;15.2;17.9;12.0;97.0;99.6;90.3;9.4;1.5;10.4;SE;3.21;0.48
28-06-2020;15.2;21.1;12.2;86.1;99.6;53.9;3.2;3.1;7.1;S;16.83;2.42
29-06-2020;17.3;24.4;12.0;78.0;99.5;51.1;0.4;3.3;9.1;L;15.70;2.37
30-06-2020;18.6;25.3;13.5;71.8;99.3;43.4;0.0;3.1;10.7;NE;15.78;2.52
01-07-2020;15.5;19.6;8.9;70.5;99.5;30.2;0.2;2.7;8.2;NO;10.55;1.58
02-07-2020;13.6;21.1;7.7;59.1;88.2;17.7;0.4;1.5;5.5;SO;17.82;2.78
03-07-2020;15.7;21.8;9.8;53.6;76.5;23.2;0.0;1.5;5.9;SO;17.22;2.82
04-07-2020;18.7;25.9;11.5;51.8;75.3;33.5;0.0;2.0;6.2;SE;17.19;2.94
05-07-2020;21.2;27.8;16.1;57.2;77.7;31.3;0.0;1.8;7.1;L;15.71;2.84
06-07-2020;21.4;27.9;15.5;59.7;84.7;35.4;0.0;1.5;5.6;NE;16.14;2.97
07-07-2020;21.3;27.5;16.4;51.0;67.7;31.8;0.0;2.1;7.7;L;16.73;3.00
08-07-2020;19.9;27.3;13.8;54.4;76.6;33.8;0.0;2.6;9.7;N;16.08;2.73
09-07-2020;18.2;24.6;14.5;71.5;99.5;37.9;0.8;1.6;4.9;SO;13.02;2.22
10-07-2020;20.1;27.4;13.6;51.8;67.2;34.3;0.0;2.2;7.0;SE;16.28;2.84
11-07-2020;20.7;27.2;15.3;58.2;90.0;31.3;0.0;1.8;7.1;NE;15.71;2.81
12-07-2020;21.2;27.9;15.5;55.3;75.9;35.8;0.0;2.0;9.5;N;15.84;2.84
13-07-2020;23.0;28.8;18.4;51.2;66.5;34.7;0.0;1.3;5.9;O;15.91;3.04
14-07-2020;21.7;26.5;15.8;66.2;97.1;50.0;0.0;1.7;8.0;S;14.44;2.64
15-07-2020;18.4;26.7;13.8;80.3;99.5;46.8;0.0;3.0;9.1;S;16.97;2.68
16-07-2020;19.6;26.7;12.2;70.2;99.3;44.2;0.0;2.4;7.3;L;16.79;2.84
17-07-2020;21.6;27.7;16.2;55.1;76.9;35.3;0.0;1.1;5.8;L;15.08;2.85
18-07-2020;20.9;27.5;16.9;57.7;70.0;36.8;0.0;2.2;6.7;L;16.23;2.86
19-07-2020;18.3;24.7;13.2;59.4;85.7;33.8;0.0;2.3;7.4;L;18.16;3.02
20-07-2020;19.7;26.3;13.2;51.1;74.8;32.7;0.0;1.7;8.5;NE;18.19;3.22
21-07-2020;21.1;27.3;15.2;49.3;72.5;30.8;0.0;1.4;9.1;NE;18.29;3.38
22-07-2020;21.9;29.4;16.7;47.2;64.8;26.2;0.0;1.4;5.8;SE;17.93;3.36
23-07-2020;21.8;27.8;16.5;46.5;65.3;25.7;0.0;1.8;6.2;L;18.04;3.30
24-07-2020;20.3;26.4;14.4;47.8;72.6;24.3;0.0;2.0;7.9;L;18.52;3.27
25-07-2020;21.5;28.0;15.2;44.6;68.2;25.8;0.0;1.4;7.9;L;18.33;3.42
26-07-2020;21.3;27.3;16.5;50.2;70.4;27.9;0.0;2.8;8.3;SE;17.89;3.10
27-07-2020;21.3;27.8;15.2;54.4;72.4;33.0;0.0;1.9;8.8;L;18.42;3.32
28-07-2020;22.0;28.3;16.3;52.9;79.3;28.8;0.0;1.6;8.3;NO;15.09;2.80
29-07-2020;21.2;28.4;13.4;57.2;92.1;30.3;0.0;2.3;10.1;SO;16.84;2.98
30-07-2020;16.4;23.7;12.2;78.5;98.8;50.1;0.0;5.2;10.0;S;17.97;2.39
31-07-2020;18.4;27.3;12.9;68.7;95.6;30.4;0.0;3.3;8.0;SE;18.27;2.87
01-08-2020;18.1;26.1;12.5;65.8;95.0;27.9;0.0;2.5;6.2;S;16.63;2.71
02-08-2020;18.8;26.6;13.3;59.0;88.5;27.0;0.0;2.6;7.6;SE;17.87;2.94
03-08-2020;18.2;25.5;12.1;53.5;90.9;23.0;0.0;2.3;6.8;SE;19.52;3.24
04-08-2020;18.7;26.6;12.7;47.7;70.4;21.2;0.0;2.4;7.0;SE;19.75;3.30
05-08-2020;18.7;26.8;12.9;48.8;74.9;21.2;0.0;2.6;7.4;L;19.78;3.27
06-08-2020;18.5;25.9;11.9;48.4;80.4;23.9;0.0;2.4;7.7;L;19.91;3.31
07-08-2020;19.0;25.8;12.3;43.7;71.7;22.1;0.0;2.1;7.9;L;20.17;3.45
08-08-2020;20.3;25.8;15.9;47.0;59.4;37.1;0.0;1.6;5.9;L;12.10;2.17
09-08-2020;20.7;27.1;15.4;40.9;58.1;22.8;0.0;1.4;7.1;L;16.34;2.99
10-08-2020;20.9;27.7;14.9;41.8;61.5;25.0;0.0;1.5;7.3;L;19.57;3.59
11-08-2020;21.1;28.2;15.7;42.5;59.1;25.0;0.0;1.0;6.2;L;16.01;3.02
12-08-2020;22.4;29.4;16.9;40.5;54.4;24.1;0.0;1.8;7.4;;18.75;3.48
13-08-2020;23.3;30.8;17.5;44.5;60.8;26.1;0.0;2.0;8.8;NE;17.42;3.26
14-08-2020;24.1;31.3;18.5;45.7;63.5;26.9;0.0;1.8;8.2;NE;18.26;3.49
15-08-2020;23.4;31.0;18.8;52.7;77.9;27.9;0.0;2.9;9.2;NE;17.11;3.09
16-08-2020;19.8;23.7;16.5;72.1;90.0;52.4;0.0;3.2;9.4;S;9.16;1.50
17-08-2020;16.9;18.7;15.2;92.3;99.5;76.8;9.2;2.7;8.2;S;2.81;0.41
18-08-2020;20.3;26.1;15.6;72.7;98.1;47.3;0.0;2.8;8.0;SE;16.41;2.75
19-08-2020;22.7;32.1;15.9;66.3;99.5;27.2;0.0;3.0;10.7;S;17.72;3.12
20-08-2020;17.2;24.6;13.0;81.8;99.5;42.9;0.0;5.2;10.7;S;17.03;2.31
21-08-2020;11.0;13.2;8.1;95.9;99.6;88.5;7.4;3.7;9.7;S;1.35;0.16
22-08-2020;11.5;17.7;7.2;84.9;99.6;58.6;0.0;5.1;10.7;S;19.61;2.21
23-08-2020;15.1;23.0;9.1;64.0;91.0;33.9;0.0;4.1;9.4;SE;22.70;3.12
24-08-2020;16.3;24.1;10.7;59.9;87.8;31.6;0.0;3.6;8.0;SE;22.58;3.31
25-08-2020;16.4;24.4;9.1;56.3;87.1;23.7;0.0;2.9;7.4;SE;23.09;3.53
26-08-2020;18.8;27.8;11.3;41.7;77.7;12.7;0.0;2.3;5.8;SE;23.24;3.90
27-08-2020;21.0;29.2;13.5;42.9;70.4;19.3;0.0;2.3;7.9;L;22.67;4.01
28-08-2020;22.8;30.7;16.5;44.4;71.0;21.6;0.0;2.4;8.5;L;22.70;4.13
29-08-2020;23.3;30.7;16.0;43.6;71.3;22.3;0.0;2.0;7.6;L;22.06;4.13
30-08-2020;24.8;32.2;18.4;38.1;55.4;19.7;0.0;1.7;6.5;L;21.92;4.27
31-08-2020;23.7;31.6;16.0;51.6;88.8;23.3;0.0;3.4;10.1;SE;22.10;3.93
01-09-2020;22.4;31.2;16.7;62.8;91.5;26.8;0.0;4.3;10.6;SE;21.68;3.58
02-09-2020;22.3;29.5;17.1;54.8;82.0;29.6;0.0;3.5;10.9;L;22.36;3.83
03-09-2020;23.6;31.0;16.3;40.8;67.2;20.1;0.0;1.8;8.9;L;22.30;4.24
04-09-2020;25.1;32.8;18.2;35.2;57.1;18.0;0.0;1.6;7.1;L;21.52;4.23
05-09-2020;25.5;32.0;19.1;28.7;47.3;14.4;0.0;1.9;7.4;L;20.66;4.05
06-09-2020;25.0;31.6;17.9;28.0;45.0;16.4;0.0;1.7;7.4;NE;21.60;4.22
07-09-2020;26.3;32.6;20.5;24.1;38.2;13.2;0.0;1.7;7.1;SE;22.17;4.43
08-09-2020;26.0;33.6;20.4;32.7;48.7;15.0;0.0;1.9;7.4;SE;21.03;4.15
09-09-2020;26.6;33.7;20.2;35.6;55.5;15.9;0.0;2.5;7.7;SE;21.52;4.19
10-09-2020;27.5;34.2;20.7;30.0;57.5;15.3;0.0;1.8;7.7;L;20.49;4.16
11-09-2020;27.9;34.0;21.6;25.3;38.8;15.8;0.0;1.4;7.0;L;19.51;4.03
12-09-2020;27.7;35.3;21.1;24.8;38.9;13.2;0.0;1.4;7.7;L;20.37;4.20
13-09-2020;26.4;32.9;20.8;28.2;40.6;16.9;0.0;2.0;8.6;L;22.28;4.41
14-09-2020;25.5;32.6;18.5;28.8;58.0;16.8;0.0;1.9;8.2;L;21.57;4.23
15-09-2020;22.5;31.1;15.8;61.2;97.5;24.3;0.0;4.2;10.0;SE;21.33;3.55
16-09-2020;24.3;31.6;18.0;46.9;80.9;21.4;0.0;2.5;7.7;L;22.98;4.28
17-09-2020;26.7;34.1;19.8;33.2;80.7;15.4;0.0;1.8;8.9;NE;20.58;4.11
18-09-2020;24.9;33.4;17.3;49.1;85.4;20.3;0.0;2.4;8.8;S;18.12;3.44
19-09-2020;26.2;31.7;22.0;42.5;57.3;26.5;0.0;1.5;5.9;SO;11.88;2.39
20-09-2020;20.0;23.8;16.2;76.0;94.0;49.0;0.4;3.1;10.7;S;8.39;1.38
21-09-2020;17.5;25.4;14.2;86.9;99.4;51.7;0.8;4.5;10.4;SE;12.36;1.75
22-09-2020;16.2;21.0;12.6;89.4;99.5;68.6;14.8;4.6;10.0;SE;13.50;1.81
23-09-2020;19.5;27.1;13.8;77.4;98.9;47.3;1.8;2.5;6.7;SE;18.83;3.14
24-09-2020;20.8;21.9;19.8;54.7;64.3;50.4;0.0;3.0;5.3;S;25.15;4.00
25-09-2020;23.5;15.1;31.6;47.8;83.8;21.8;0.0;1.6;5.8;S;24.90;4.00
26-09-2020;26.8;19.3;34.3;30.7;54.2;14.4;0.0;2.7;7.8;S;24.70;4.10
27-09-2020;28.5;21.2;35.4;23.5;36.8;14.0;0.0;1.9;8.9;S;23.20;4.30
28-09-2020;27.4;35.6;17.8;50.5;95.8;20.5;16.4;3.3;9.2;NO;16.04;2.17
29-09-2020;27.8;35.1;20.7;44.0;68.0;21.0;0.0;2.4;6.7;SE;23.64;4.70
30-09-2020;29.5;36.4;24.2;34.6;50.8;16.4;0.0;2.4;9.5;NE;21.72;4.44
01-10-2020;29.7;36.5;24.5;34.9;51.5;19.5;0.0;2.8;7.7;NE;21.15;4.51
02-10-2020;30.5;36.7;24.2;26.4;41.7;18.0;0.0;1.7;6.4;NE;22.61;4.75
03-10-2020;29.0;37.5;19.5;37.5;81.8;17.4;0.0;1.5;7.3;NE;22.18;4.10
04-10-2020;25.1;35.0;19.3;65.8;94.7;25.7;0.0;4.5;12.7;SE;21.86;2.96
05-10-2020;28.4;37.0;19.9;48.0;85.0;17.2;0.0;2.4;8.6;L;22.96;4.61
06-10-2020;30.5;37.2;24.0;32.0;52.6;17.5;0.0;1.3;8.3;N;20.79;4.45
07-10-2020;31.0;37.5;24.5;29.3;48.8;15.6;0.0;2.5;10.6;N;21.92;4.58
08-10-2020;25.3;30.6;20.4;55.1;82.1;24.2;0.0;2.5;11.5;SE;9.12;1.75
09-10-2020;23.0;30.8;18.4;69.2;90.5;39.7;0.0;4.1;11.9;S;9.13;1.29
10-10-2020;19.8;24.6;15.4;65.0;91.0;35.2;0.4;2.8;9.7;S;13.00;2.17
11-10-2020;20.8;29.9;13.3;45.8;77.6;18.4;0.0;3.7;8.6;S;25.70;4.23
12-10-2020;23.2;32.5;14.9;49.5;82.8;19.8;0.0;2.6;7.4;S;25.43;4.63
13-10-2020;26.5;33.8;20.4;40.9;57.6;22.6;0.0;2.4;7.3;S;24.61;4.79
14-10-2020;27.8;34.5;22.1;39.4;65.4;23.5;0.0;1.8;7.3;L;20.14;4.09
15-10-2020;19.5;23.1;17.2;91.7;99.5;61.3;12.2;2.5;8.2;S;7.98;1.31
16-10-2020;16.9;20.8;14.7;87.5;99.5;66.0;2.6;5.6;10.6;S;8.37;1.09
17-10-2020;19.9;28.5;13.5;71.7;94.4;43.5;0.0;4.0;10.9;S;25.96;4.06
18-10-2020;22.8;30.8;15.7;65.1;92.5;36.1;0.0;3.0;11.0;L;23.77;4.17
19-10-2020;22.0;26.7;17.1;70.9;99.5;51.7;9.2;3.1;8.9;NE;14.47;2.49
20-10-2020;19.9;25.2;17.6;93.4;99.6;66.0;1.0;2.4;7.4;NE;13.02;2.18
21-10-2020;21.5;29.5;17.5;81.9;99.6;42.0;6.8;2.4;13.3;L;20.28;3.55
22-10-2020;22.7;30.5;16.7;68.2;93.1;39.4;0.0;4.0;9.4;SE;25.58;4.28
23-10-2020;23.3;30.2;17.0;67.0;93.4;41.1;0.6;3.2;10.7;L;27.81;4.88
24-10-2020;21.1;25.4;18.3;81.9;99.5;62.0;1.6;2.6;7.7;NE;11.68;2.00
25-10-2020;22.0;29.4;17.9;79.9;99.5;44.0;2.6;2.2;11.2;SE;22.70;4.06
26-10-2020;22.8;29.8;16.2;64.7;98.4;33.6;0.0;1.9;7.1;S;26.46;4.90
27-10-2020;23.6;30.2;17.7;64.6;99.5;35.9;0.0;2.4;10.0;O;24.58;4.52
28-10-2020;25.0;32.4;17.1;45.7;81.0;20.5;0.0;2.0;8.0;O;29.70;5.72
29-10-2020;23.3;32.8;17.7;68.1;99.6;29.9;25.0;2.3;13.9;O;19.63;3.59
30-10-2020;19.0;22.8;15.4;90.3;99.5;76.1;0.2;4.8;13.1;SE;13.53;1.95
31-10-2020;18.7;25.8;14.5;79.2;97.9;54.2;0.0;5.9;11.6;S;23.94;3.28
01-11-2020;17.4;24.2;12.8;73.4;93.9;49.2;0.0;5.6;12.1;S;26.76;3.60
02-11-2020;17.6;25.2;10.4;58.0;86.7;29.9;0.0;3.8;11.0;S;30.46;4.55
03-11-2020;18.9;26.3;11.5;60.6;83.2;35.1;0.0;3.1;9.2;S;22.19;3.57
04-11-2020;19.8;28.0;12.4;60.9;95.4;22.8;0.0;2.9;11.9;S;26.69;4.43
05-11-2020;20.5;29.4;12.8;58.1;97.3;18.5;0.0;3.3;9.5;S;27.41;4.53
06-11-2020;21.3;29.3;14.9;49.0;79.3;23.5;0.0;3.5;8.3;S;30.24;5.06
07-11-2020;23.6;33.0;13.1;48.6;90.6;17.1;0.0;2.6;9.2;S;29.54;5.40
08-11-2020;26.9;34.1;18.8;33.4;58.3;17.4;0.0;2.3;7.0;S;28.90;5.68
09-11-2020;26.1;34.7;18.5;50.2;99.4;23.8;4.2;2.8;11.2;N;24.51;4.65
10-11-2020;22.4;27.7;18.0;77.3;99.5;45.4;0.4;1.9;7.6;N;20.90;3.82
11-11-2020;23.0;30.8;18.6;76.8;99.4;40.8;0.2;2.1;7.7;L;22.22;4.07
12-11-2020;22.9;30.5;17.8;79.8;99.5;42.4;12.2;1.7;7.9;SE;19.36;3.61
13-11-2020;22.2;29.9;16.8;82.4;99.5;48.3;27.6;1.3;12.7;N;22.45;4.23
14-11-2020;22.3;29.2;17.5;76.6;99.5;41.7;0.0;1.4;6.4;N;25.91;4.88
15-11-2020;25.0;31.6;19.0;66.2;97.9;36.4;0.0;1.2;6.7;NO;24.74;4.94
16-11-2020;23.3;30.3;18.2;78.8;99.5;46.7;7.0;1.4;5.9;L;17.26;3.29
17-11-2020;23.0;30.2;17.8;80.8;99.5;51.3;29.8;1.9;17.5;N;21.88;4.06
18-11-2020;20.6;27.4;17.6;91.5;99.5;60.1;22.4;2.2;10.1;NE;18.01;3.12
19-11-2020;19.9;24.4;15.5;92.2;99.5;71.4;3.4;2.5;10.3;SO;15.48;2.59
20-11-2020;18.6;25.7;12.6;73.8;95.1;40.8;0.0;3.5;10.1;S;28.47;4.42
21-11-2020;20.6;27.8;13.5;62.5;96.8;27.9;0.0;2.5;7.0;S;30.52;5.25
22-11-2020;22.0;29.4;15.2;63.6;90.1;36.5;0.0;3.2;9.8;SE;28.55;4.89
23-11-2020;22.2;30.5;15.3;61.9;91.0;27.6;0.0;3.2;8.5;SE;30.68;5.27
24-11-2020;23.7;31.2;17.4;63.0;89.9;33.3;0.0;3.0;8.3;SE;26.55;4.75
25-11-2020;24.6;31.6;18.7;59.2;83.3;29.4;0.0;2.1;8.2;NE;29.11;5.54
26-11-2020;23.3;32.3;18.4;67.2;98.2;34.0;7.2;2.1;10.3;NE;25.84;4.78
27-11-2020;24.7;32.0;19.0;60.1;88.1;35.6;0.0;2.0;9.8;SE;28.04;5.36
28-11-2020;24.7;32.1;19.1;64.6;93.9;33.6;2.2;2.8;9.8;SE;26.50;4.89
29-11-2020;25.2;31.2;19.4;60.2;93.4;36.7;0.0;1.4;7.0;NE;26.79;5.29
30-11-2020;24.9;31.9;19.9;62.1;95.5;37.7;0.0;2.1;7.6;NE;25.59;4.89
01-12-2020;24.3;31.2;18.9;72.6;99.5;41.2;0.0;2.3;7.1;L;24.14;4.50
02-12-2020;22.1;27.5;19.1;84.9;99.5;52.6;41.4;1.9;7.1;NE;21.22;3.86
03-12-2020;22.7;28.1;18.1;78.1;99.4;54.1;0.0;2.3;11.6;NO;19.52;3.53
04-12-2020;25.3;32.1;19.6;67.8;99.0;39.9;0.0;1.0;5.3;SE;21.04;4.24
05-12-2020;23.2;30.0;19.7;85.4;99.5;50.9;4.8;2.5;7.7;SE;22.90;4.13
06-12-2020;21.6;28.0;19.1;91.9;99.5;62.1;2.8;1.7;6.7;L;15.65;2.83
07-12-2020;19.8;19.9;19.7;99.5;99.5;99.4;0.0;2.6;4.3;L;0.00;0.00
08-12-2020;22.3;28.2;18.5;88.2;99.6;58.7;0.2;1.4;5.5;N;18.29;3.43
09-12-2020;21.5;29.2;16.8;85.1;99.5;51.3;16.2;1.7;17.6;L;22.28;3.94
10-12-2020;22.2;28.0;16.7;72.8;97.5;48.3;0.0;1.0;6.1;L;24.39;4.69
11-12-2020;20.7;25.4;18.0;86.3;99.5;57.2;3.2;1.0;5.0;NE;13.48;2.50
12-12-2020;21.6;26.8;18.0;89.2;99.5;61.0;13.8;1.1;7.1;NE;15.89;2.98
13-12-2020;22.6;29.0;18.1;86.0;99.6;53.0;10.2;2.3;8.3;NE;22.99;4.13
14-12-2020;22.9;28.6;18.2;89.1;99.6;59.3;0.8;1.7;6.5;NE;18.44;3.29
15-12-2020;21.0;23.2;19.4;91.6;99.5;71.6;0.0;1.1;4.6;NE;22.74;3.34
16-12-2020;23.8;30.3;18.9;76.8;99.5;52.2;0.8;1.2;6.4;SO;21.83;4.25
17-12-2020;23.4;30.7;18.7;80.9;99.6;47.0;25.0;1.8;8.8;L;18.86;3.54
18-12-2020;22.9;24.6;21.1;80.9;89.8;73.3;2.8;2.4;7.9;S;26.48;4.79
19-12-2020;24.4;31.4;19.2;76.5;99.4;47.1;1.0;1.8;7.9;N;26.09;4.98
20-12-2020;23.9;28.7;19.2;82.6;99.5;60.9;0.0;1.0;6.4;N;16.77;3.30
21-12-2020;24.6;32.3;19.9;78.7;99.5;42.7;30.8;1.5;14.3;NE;24.99;4.85
22-12-2020;22.7;29.1;19.7;91.7;99.5;64.7;4.6;2.0;7.6;SE;19.00;3.46
23-12-2020;22.9;29.9;18.5;83.6;99.5;59.7;0.0;2.8;8.0;SE;21.27;3.75
24-12-2020;22.5;29.1;17.4;79.8;99.4;54.8;0.0;2.9;10.0;SE;22.59;3.93
25-12-2020;21.5;29.4;17.0;83.6;98.4;52.4;11.6;2.7;7.6;SE;21.60;3.71
26-12-2020;21.2;27.5;16.9;88.1;99.5;60.2;9.8;2.7;8.0;L;21.93;3.73
27-12-2020;17.9;18.4;17.5;99.5;99.5;99.4;30.8;1.2;6.4;L;11.73;1.92
28-12-2020;21.0;27.3;17.2;88.7;99.6;59.2;1.2;1.5;7.6;NE;19.07;3.46
29-12-2020;20.9;28.2;17.4;90.7;99.6;58.4;8.8;1.7;11.0;NE;21.03;3.77
30-12-2020;21.8;28.4;17.0;86.6;99.5;60.6;23.2;1.7;8.9;NE;23.23;4.26
31-12-2020;20.1;21.7;17.6;95.7;99.5;81.7;43.6;1.2;3.6;SE;7.01;3.88