Day;TMean;TMax;TMin;RHMean;RHMax;RHMmin;Rain;VMean;VMax;VDir;Rad;Eto
01-01-2017;25.0;30.9;20.1;73.6;91.9;48.9;0.0;1.6;7.4;SO;28.48;5.57
02-01-2017;24.6;30.3;20.2;75.3;93.5;52.5;0.0;1.4;6.5;O;22.78;4.45
03-01-2017;25.6;33.5;22.0;70.6;84.1;38.0;0.0;2.5;8.5;SE;22.31;4.22
04-01-2017;23.8;29.0;19.7;77.0;91.7;56.4;0.0;3.0;9.5;NE;26.29;4.69
05-01-2017;22.8;26.0;20.8;87.3;94.6;73.4;2.4;1.0;6.1;NE;9.49;1.81
06-01-2017;24.9;32.0;20.6;74.2;91.6;45.6;0.6;2.0;8.8;S;23.60;4.51
07-01-2017;25.5;32.6;20.3;74.2;94.9;41.4;0.0;2.1;7.3;S;27.26;5.24
08-01-2017;25.2;33.6;20.7;74.0;92.8;46.0;0.0;1.8;11.3;L;24.18;4.68
09-01-2017;23.6;30.8;19.9;83.0;97.9;60.1;9.4;2.1;9.4;N;18.41;3.40
10-01-2017;23.3;29.4;19.6;85.1;98.6;56.1;0.6;1.5;6.4;O;21.39;4.07
11-01-2017;23.1;28.2;19.7;87.8;98.8;65.4;32.8;1.8;5.9;N;20.45;3.80
12-01-2017;22.4;28.8;18.9;88.8;97.6;65.3;2.6;2.2;7.9;SE;13.46;2.41
13-01-2017;21.7;26.6;18.8;89.7;98.6;66.6;0.2;1.9;6.1;L;11.73;2.10
14-01-2017;23.6;31.1;18.4;80.6;98.7;49.2;3.6;1.3;5.5;N;25.26;4.88
15-01-2017;22.6;30.3;19.3;88.5;98.6;57.1;12.0;1.8;8.8;NE;23.32;4.31
16-01-2017;22.8;28.8;20.2;87.5;98.7;63.0;0.0;2.8;8.3;N;21.93;3.85
17-01-2017;21.0;25.1;19.6;95.8;99.1;82.3;16.0;2.6;8.2;N;10.39;1.90
18-01-2017;19.9;22.0;18.7;99.4;100.0;93.9;28.8;1.7;6.5;NE;4.52;1.10
19-01-2017;20.6;25.3;18.7;93.3;100.0;61.5;14.4;1.2;7.3;S;11.78;2.59
20-01-2017;21.1;26.5;18.5;86.3;100.0;52.3;21.6;1.0;4.6;S;13.95;3.03
21-01-2017;20.9;25.2;18.3;87.1;100.0;61.4;0.6;1.3;6.7;NE;13.68;2.75
22-01-2017;20.1;25.4;18.0;91.6;100.0;59.9;10.0;1.6;6.7;L;15.01;3.24
23-01-2017;21.0;26.9;17.6;82.6;99.5;50.8;0.2;1.6;7.1;NE;18.57;3.91
24-01-2017;22.3;28.5;18.8;83.7;98.7;52.3;2.4;1.7;8.8;N;22.81;4.67
25-01-2017;22.1;28.6;19.4;86.7;100.0;53.1;12.8;1.8;8.0;N;18.95;4.09
26-01-2017;20.6;23.2;19.0;94.2;100.0;78.4;5.2;1.1;7.7;N;6.67;1.40
27-01-2017;21.4;26.0;19.3;85.1;97.9;58.7;3.2;1.3;5.5;SO;12.62;2.67
28-01-2017;24.4;31.1;19.0;73.0;95.4;43.2;0.0;3.0;9.1;SE;27.42;5.88
29-01-2017;24.5;30.5;19.9;64.2;97.3;27.7;0.0;2.8;7.3;SE;27.65;5.94
30-01-2017;24.4;30.5;20.0;69.0;94.9;41.0;0.0;3.3;8.2;L;29.04;1.65
31-01-2017;21.5;29.4;17.7;79.3;99.2;46.9;10.2;2.8;8.0;L;15.32;4.15
01-02-2017;21.1;28.3;17.6;82.0;97.9;44.0;3.0;1.8;5.8;NE;16.74;3.56
02-02-2017;20.6;27.5;17.3;89.4;100.0;58.3;35.4;2.2;9.7;N;16.22;3.49
03-02-2017;21.5;27.4;18.2;88.7;100.0;60.0;9.0;1.9;7.1;NE;16.62;3.29
04-02-2017;23.4;30.1;19.1;79.2;99.6;44.5;0.0;1.5;6.2;NO;24.15;4.37
05-02-2017;22.8;29.9;19.9;81.8;97.2;52.2;1.0;1.8;7.1;N;22.19;4.15
06-02-2017;23.5;31.3;19.0;79.1;97.7;46.8;5.6;2.0;11.6;NE;24.50;4.82
07-02-2017;24.1;31.9;18.7;76.7;98.9;45.1;1.0;1.7;9.2;SE;22.61;4.27
08-02-2017;24.2;31.0;19.0;72.8;94.7;43.8;0.0;3.2;7.9;SE;26.72;5.36
09-02-2017;23.2;30.0;18.0;70.1;92.0;45.2;0.0;3.1;7.6;SE;24.39;4.83
10-02-2017;23.8;29.7;18.3;69.7;89.9;45.9;0.0;3.1;8.5;L;27.00;5.33
11-02-2017;24.3;29.8;19.8;68.4;84.5;46.4;0.0;3.0;8.6;L;26.22;5.34
12-02-2017;24.1;30.8;19.9;70.6;95.1;44.7;0.0;2.6;8.0;NE;24.85;4.94
13-02-2017;26.3;31.3;19.8;54.2;69.8;42.8;0.0;3.6;8.8;NE;26.69;4.92
14-02-2017;24.6;30.9;19.8;61.3;79.8;39.0;0.0;3.2;10.1;L;25.24;4.57
15-02-2017;25.6;32.6;20.3;60.4;77.6;37.8;0.0;2.4;7.7;L;26.81;5.11
16-02-2017;25.9;32.0;20.3;61.4;83.7;39.3;0.0;1.4;6.1;NE;24.92;4.98
17-02-2017;24.5;31.0;21.3;74.0;95.7;47.5;5.6;1.5;7.7;O;17.90;3.47
18-02-2017;24.0;31.7;19.0;78.9;97.7;43.5;37.6;1.7;14.2;NO;25.55;4.88
19-02-2017;25.6;32.7;19.7;71.3;96.6;42.8;0.0;1.7;5.5;SE;26.21;5.13
20-02-2017;26.5;33.2;22.2;61.4;84.6;31.6;0.0;2.5;7.0;SE;28.05;5.40
21-02-2017;25.5;32.0;21.1;60.0;86.4;35.4;0.0;3.1;9.1;L;28.25;5.21
22-02-2017;25.2;32.0;20.3;59.2;76.9;35.6;0.0;2.4;7.4;L;25.75;4.88
23-02-2017;25.6;31.6;19.8;56.2;76.6;35.2;0.0;1.5;5.8;NE;26.68;5.30
24-02-2017;23.4;29.0;18.0;73.5;98.8;51.0;6.8;2.1;7.7;O;19.20;3.56
25-02-2017;20.2;24.4;17.7;88.9;98.9;66.4;2.4;2.0;5.6;NE;12.32;2.13
26-02-2017;20.9;27.3;18.3;86.5;98.7;55.7;2.4;1.5;6.8;NE;15.43;2.79
27-02-2017;22.6;30.1;18.1;79.9;98.0;45.8;0.0;1.5;5.6;NE;22.48;4.22
28-02-2017;23.1;29.6;19.0;81.1;98.9;49.4;0.0;1.3;5.8;N;21.00;4.02
01-03-2017;22.7;29.2;19.4;83.8;98.4;53.5;8.0;1.8;7.7;NE;21.05;3.89
02-03-2017;21.7;27.2;19.9;91.2;98.7;66.7;8.6;1.6;7.0;NE;12.68;2.31
03-03-2017;22.0;27.7;20.1;89.8;99.1;64.8;11.2;1.4;8.8;NE;13.75;2.55
04-03-2017;22.6;28.4;19.3;87.3;98.5;62.3;4.8;1.4;7.1;NO;19.12;3.59
05-03-2017;21.6;27.0;19.1;94.7;99.4;68.0;32.3;1.7;9.1;N;11.07;1.99
06-03-2017;22.4;28.3;18.5;88.3;99.3;56.1;13.0;1.4;12.7;NE;15.93;2.98
07-03-2017;23.5;30.4;19.3;81.2;96.4;49.6;9.4;1.8;6.1;L;19.39;3.64
08-03-2017;23.4;30.4;20.0;80.8;95.2;50.8;1.0;2.2;7.6;L;17.75;3.25
09-03-2017;24.4;30.7;19.2;77.1;95.7;52.6;0.0;2.5;7.7;NE;24.13;4.47
10-03-2017;25.6;31.4;21.2;70.8;86.5;48.7;0.0;2.0;8.6;L;23.45;4.54
11-03-2017;25.6;32.5;20.8;68.8;86.1;45.2;0.0;2.6;6.8;SE;24.36;4.59
12-03-2017;25.6;31.0;20.8;64.4;90.5;38.5;0.0;1.9;7.9;NE;22.59;4.39
13-03-2017;24.0;29.9;19.6;72.2;93.5;45.6;0.0;2.3;10.3;S;17.07;3.16
14-03-2017;23.4;31.7;19.5;75.7;93.9;39.8;7.6;3.6;9.4;L;22.94;3.96
15-03-2017;23.2;30.5;18.2;71.3;93.5;42.5;0.2;2.7;8.3;L;24.25;4.34
16-03-2017;24.2;30.5;19.1;65.1;83.7;40.6;0.0;2.2;7.6;L;23.52;4.41
17-03-2017;24.6;30.9;19.7;66.3;93.4;38.7;0.0;2.2;9.8;SE;20.78;3.91
18-03-2017;21.2;28.2;17.5;85.6;99.1;57.7;14.0;3.4;9.1;SE;19.11;3.15
19-03-2017;20.1;26.3;17.9;88.7;98.6;62.3;0.4;2.6;7.4;SE;12.19;2.03
20-03-2017;20.6;27.7;16.2;78.0;96.4;51.4;0.0;4.0;10.6;S;22.72;3.60
21-03-2017;20.3;27.5;14.8;71.0;91.7;43.6;0.0;3.4;10.6;S;25.68;4.19
22-03-2017;21.8;30.2;16.1;66.6;92.2;35.9;0.0;2.6;7.3;SE;24.81;4.35
23-03-2017;21.9;28.8;17.2;67.0;89.2;41.7;0.0;2.4;7.3;SE;20.08;3.57
24-03-2017;23.4;30.1;19.1;59.2;72.9;34.3;0.0;1.8;5.2;S;22.08;4.16
25-03-2017;24.2;29.8;19.5;60.5;83.7;41.6;0.0;2.0;8.5;S;19.20;3.64
26-03-2017;22.8;30.3;17.2;66.3;86.5;40.6;0.0;2.9;7.7;SE;23.35;4.13
27-03-2017;20.2;25.0;16.9;77.8;89.3;59.5;0.0;2.5;6.4;S;10.95;1.85
28-03-2017;21.3;26.8;17.1;73.6;93.1;52.5;0.0;3.4;9.2;SE;18.18;3.02
29-03-2017;20.2;26.5;15.4;66.5;89.0;38.0;0.0;3.8;10.0;SE;24.37;3.89
30-03-2017;20.3;28.1;15.0;67.5;87.8;38.8;0.0;3.0;7.9;SE;22.46;3.73
31-03-2017;19.4;26.5;14.6;69.0;90.4;40.8;0.0;3.5;9.1;S;22.65;3.59
01-04-2017;18.9;26.2;13.7;66.4;87.0;36.4;0.0;4.4;10.1;SE;24.63;3.69
02-04-2017;20.4;28.5;14.4;64.0;84.2;32.1;0.0;3.5;9.8;SE;24.36;3.97
03-04-2017;21.7;28.8;15.7;64.2;92.5;35.0;0.0;2.4;6.8;SE;22.36;3.95
04-04-2017;23.2;29.6;17.5;55.4;76.4;32.3;0.0;2.2;7.4;L;21.47;3.96
05-04-2017;24.6;30.8;18.5;53.5;76.2;33.9;0.2;2.0;8.2;N;21.96;4.20
06-04-2017;21.1;23.7;19.0;93.8;99.3;67.4;45.8;1.7;9.5;NE;6.31;1.11
07-04-2017;21.7;28.4;18.3;93.3;99.2;65.7;36.8;1.0;7.0;NE;12.37;2.33
08-04-2017;23.1;30.7;18.6;83.0;99.2;49.5;0.0;2.2;6.2;SE;21.45;3.92
09-04-2017;22.8;29.8;18.5;79.8;95.2;51.0;0.0;2.8;7.4;SE;19.44;3.43
10-04-2017;23.8;30.2;18.9;76.1;95.6;48.2;0.0;2.2;7.3;SE;18.89;3.49
11-04-2017;23.8;30.1;20.6;76.8;92.2;45.9;0.2;1.7;5.5;S;16.80;3.19
12-04-2017;21.9;26.7;17.4;81.8;93.9;62.1;0.0;3.6;8.5;S;15.80;2.63
13-04-2017;20.5;27.9;16.5;79.1;93.8;50.2;0.0;3.6;9.5;SE;20.26;3.27
14-04-2017;21.6;30.3;15.9;78.3;95.5;45.7;0.0;2.5;6.4;SE;19.69;3.45
15-04-2017;22.7;30.5;16.0;71.6;95.5;41.2;0.0;2.0;6.2;SE;20.66;3.79
16-04-2017;22.9;28.9;18.6;68.1;84.1;42.6;0.0;1.8;5.8;S;18.69;3.48
17-04-2017;20.5;25.5;17.2;83.0;96.1;59.8;7.0;2.9;8.3;S;7.66;1.27
18-04-2017;19.7;25.8;15.9;78.3;94.1;55.1;0.0;3.5;8.5;S;20.82;3.31
19-04-2017;20.3;27.5;14.5;74.4;90.9;52.0;0.0;2.8;7.7;SE;20.80;3.49
20-04-2017;21.7;27.8;17.2;71.8;82.9;53.7;0.0;2.6;8.2;L;16.30;2.85
21-04-2017;19.5;22.2;16.7;95.1;99.4;74.7;39.9;1.9;8.3;N;4.68;0.77
22-04-2017;18.0;24.1;14.7;84.2;99.4;51.7;0.0;1.5;8.3;S;17.98;3.07
23-04-2017;18.7;25.0;15.3;81.9;94.9;54.3;0.0;3.4;9.5;SE;19.17;2.98
24-04-2017;20.4;27.8;15.1;78.4;95.2;51.1;2.2;2.4;8.2;L;20.51;3.51
25-04-2017;22.6;28.1;18.2;74.0;89.1;53.6;1.4;2.0;7.3;NE;18.60;3.40
26-04-2017;19.1;23.2;16.8;93.2;99.4;78.6;33.2;1.7;7.7;N;3.08;0.50
27-04-2017;18.3;21.5;16.0;93.0;99.5;74.0;1.0;0.8;4.4;SO;7.19;1.27
28-04-2017;17.2;22.4;13.9;89.6;99.1;70.1;0.0;3.0;7.0;S;16.14;2.45
29-04-2017;18.0;25.3;14.0;87.5;96.0;63.9;0.0;2.9;7.4;SE;13.86;2.16
30-04-2017;18.7;25.3;14.5;83.0;97.5;57.0;0.2;2.6;6.8;SE;19.82;3.23
01-05-2017;19.2;26.9;14.6;76.8;96.4;42.1;0.0;2.4;7.6;SE;19.78;3.30
02-05-2017;19.2;26.7;15.5;77.8;91.8;45.4;0.0;2.0;5.3;L;13.27;2.25
03-05-2017;20.9;27.7;16.3;68.7;83.0;43.8;0.0;1.8;5.6;L;19.62;3.52
04-05-2017;20.2;26.1;17.0;77.4;87.3;56.9;0.0;1.8;5.6;L;13.49;2.37
05-05-2017;19.0;23.7;14.8;86.2;98.2;63.9;13.0;1.5;6.7;L;10.16;1.75
06-05-2017;18.3;25.4;13.3;81.4;99.1;51.9;0.0;1.3;5.5;SE;16.41;2.86
07-05-2017;18.7;26.0;15.0;80.7;95.3;47.9;0.0;2.6;7.6;SE;17.53;2.86
08-05-2017;19.4;25.7;14.2;67.9;94.8;36.6;0.2;2.1;6.2;S;19.78;3.39
09-05-2017;20.4;26.0;15.1;57.1;81.5;29.7;0.0;1.3;4.3;SO;19.60;3.59
10-05-2017;19.8;26.3;15.6;73.1;88.3;49.2;0.0;2.6;7.7;S;18.47;3.10
11-05-2017;18.7;24.2;15.1;78.1;93.5;58.5;0.0;3.1;7.3;S;18.60;2.95
12-05-2017;19.1;27.1;13.7;75.8;93.9;46.2;0.0;2.1;6.5;SE;18.56;3.15
13-05-2017;20.9;27.3;15.9;68.8;86.8;44.5;0.0;1.6;6.4;NE;17.87;3.23
14-05-2017;18.8;21.9;17.1;89.1;99.0;72.7;3.2;1.6;6.2;NO;5.34;0.90
15-05-2017;20.1;26.8;16.5;83.5;99.4;43.5;0.2;0.7;4.4;S;13.40;2.50
16-05-2017;19.0;23.5;15.5;76.0;90.9;60.7;0.0;2.1;5.5;S;12.96;2.19
17-05-2017;19.2;25.7;14.7;79.9;90.3;58.4;0.0;2.3;5.9;SE;15.71;2.63
18-05-2017;18.0;20.6;16.6;90.8;98.8;74.9;16.4;2.1;6.5;L;5.06;0.81
19-05-2017;17.4;20.0;15.6;98.7;99.4;94.7;61.6;2.2;6.8;NE;1.16;0.18
20-05-2017;18.7;24.4;15.3;88.1;99.5;62.0;1.6;1.2;5.3;L;13.35;2.35
21-05-2017;19.2;22.2;17.4;94.7;99.4;84.3;30.6;1.7;6.1;L;5.33;0.89
22-05-2017;19.2;23.5;15.8;93.0;99.4;75.9;5.8;1.7;6.7;S;8.73;1.49
23-05-2017;18.3;24.8;14.0;85.5;98.4;61.4;0.0;2.5;6.5;SE;15.62;2.53
24-05-2017;20.4;29.8;16.0;80.3;94.2;42.5;0.0;1.5;5.8;L;15.96;2.87
25-05-2017;21.3;27.4;16.9;77.0;91.8;54.7;0.0;1.4;5.6;L;17.00;3.13
26-05-2017;22.0;28.5;17.4;73.3;86.9;49.4;0.0;1.2;5.2;L;16.85;3.18
27-05-2017;21.6;28.1;18.5;77.4;91.8;53.1;0.0;1.5;4.6;SE;15.54;2.86
28-05-2017;20.1;26.1;16.6;78.8;96.1;45.1;0.0;1.8;6.1;SE;15.33;2.69
29-05-2017;20.1;26.5;16.0;73.0;92.7;46.9;0.0;1.3;4.3;SE;16.75;3.04
30-05-2017;19.8;26.1;16.1;75.2;96.2;47.9;0.0;1.8;4.7;SE;16.63;2.90
31-05-2017;19.5;24.8;15.5;70.3;96.5;43.6;0.0;1.4;5.8;NE;16.39;2.92
01-06-2017;16.3;18.2;13.6;89.9;99.1;70.7;0.0;1.8;7.3;NO;3.73;0.57
02-06-2017;15.2;22.6;9.9;75.1;98.9;34.4;0.2;1.0;4.0;SO;17.57;2.92
03-06-2017;18.8;25.5;11.3;64.8;86.0;44.1;0.0;1.5;6.2;SE;17.20;3.02
04-06-2017;21.8;28.2;16.6;68.1;90.2;44.2;0.0;1.5;6.2;NE;16.70;3.10
05-06-2017;19.7;24.3;17.0;86.2;94.8;66.5;0.8;1.6;6.7;L;9.44;1.65
06-06-2017;22.1;28.1;18.0;73.8;94.2;50.7;0.0;0.9;5.2;N;14.26;2.73
07-06-2017;22.8;27.7;18.4;66.2;84.1;45.4;0.0;1.2;5.2;L;16.54;3.17
08-06-2017;21.5;27.3;17.0;65.6;82.0;44.5;0.0;2.1;9.5;N;16.44;2.94
09-06-2017;16.9;21.2;12.1;86.1;95.3;71.4;0.0;1.9;8.6;O;6.89;1.10
10-06-2017;13.1;20.6;6.9;72.8;97.3;42.2;0.2;1.2;4.3;SO;16.16;2.42
11-06-2017;16.3;24.0;8.2;49.1;77.0;19.3;0.0;1.4;4.9;S;17.77;2.96
12-06-2017;17.2;23.2;13.8;67.3;94.3;40.4;0.8;1.2;7.9;SE;7.78;1.32
13-06-2017;16.9;21.2;14.1;88.7;97.2;70.0;6.6;1.7;6.5;SE;6.26;1.00
14-06-2017;17.6;23.7;14.1;82.7;95.9;59.1;0.0;1.5;5.9;S;14.59;2.47
15-06-2017;17.2;23.7;12.7;75.6;96.8;42.6;0.2;2.4;6.4;SE;17.23;2.74
16-06-2017;17.6;24.3;12.4;71.1;94.9;31.0;0.0;1.9;6.7;L;17.24;2.86
17-06-2017;19.4;25.1;14.4;57.9;78.9;33.9;0.0;1.3;5.9;L;16.52;2.96
18-06-2017;19.4;24.6;15.2;59.4;78.1;39.7;0.0;1.1;6.4;L;11.66;2.11
19-06-2017;20.5;26.0;14.2;54.1;77.0;33.5;0.0;1.2;5.3;S;14.96;2.75
20-06-2017;16.8;22.3;13.5;83.4;95.4;60.1;0.0;3.3;7.7;S;12.53;1.86
21-06-2017;17.3;24.9;12.4;78.3;95.9;46.0;0.0;2.9;7.1;SE;16.31;2.53
22-06-2017;17.9;24.0;13.2;71.5;92.5;47.8;0.0;2.4;8.0;L;16.89;2.75
23-06-2017;17.8;24.1;12.9;67.8;89.0;38.3;0.0;2.7;8.9;L;17.24;2.75
24-06-2017;17.7;24.2;12.6;68.2;84.9;43.5;0.0;2.4;6.8;L;17.07;2.76
25-06-2017;16.9;22.9;12.6;69.4;90.2;29.4;0.0;2.2;5.9;SE;17.07;2.74
26-06-2017;17.2;23.5;12.5;68.4;86.4;39.6;0.0;2.3;7.0;L;17.24;2.77
27-06-2017;16.9;23.5;11.4;69.4;89.2;42.0;0.0;2.3;7.0;L;16.61;2.65
28-06-2017;18.4;24.9;14.0;68.9;84.9;44.0;0.0;1.7;6.7;L;15.73;2.69
29-06-2017;18.5;25.6;14.4;67.0;89.1;36.5;0.0;1.7;7.9;L;16.38;2.81
30-06-2017;18.7;25.4;13.9;62.1;81.1;34.6;0.0;1.3;5.5;L;14.69;2.59
01-07-2017;18.0;24.6;13.7;71.8;91.6;42.2;0.0;2.2;8.5;S;14.37;2.36
02-07-2017;14.0;19.2;10.6;76.9;93.8;51.6;0.0;4.5;9.1;SE;15.77;2.03
03-07-2017;13.7;21.5;9.7;69.3;88.8;39.3;0.0;3.9;8.6;SE;17.23;2.29
04-07-2017;13.1;19.1;8.5;62.0;78.9;40.0;0.0;3.1;9.5;L;17.86;2.45
05-07-2017;14.1;20.0;9.9;63.6;81.9;40.1;0.0;3.1;10.9;L;17.42;2.46
06-07-2017;15.0;22.6;9.9;67.2;91.3;38.3;0.0;2.2;7.3;L;16.53;2.52
07-07-2017;15.9;22.7;11.5;66.1;85.9;40.7;0.0;2.3;7.6;L;14.18;2.22
08-07-2017;16.2;21.7;13.1;66.8;80.7;44.9;0.0;2.6;7.1;L;13.53;2.09
09-07-2017;16.5;23.3;11.8;66.5;85.5;42.6;0.0;2.1;7.7;L;16.64;2.67
10-07-2017;18.0;25.4;12.8;61.3;81.5;34.9;0.0;1.9;6.8;L;14.27;2.40
11-07-2017;18.6;26.1;13.7;61.4;79.3;37.1;0.0;1.9;5.8;SE;16.61;2.82
12-07-2017;19.1;25.7;13.8;59.6;79.7;35.1;0.0;2.3;6.1;SE;17.37;2.93
13-07-2017;18.2;25.3;12.8;63.5;84.8;34.3;0.0;2.0;7.4;L;17.70;2.96
14-07-2017;17.6;24.6;12.3;64.0;84.8;39.2;0.0;2.2;7.7;L;17.89;2.93
15-07-2017;17.4;24.5;12.0;62.1;83.2;38.0;0.0;2.1;7.0;NE;16.09;2.63
16-07-2017;18.5;25.0;12.2;52.7;78.1;33.7;0.0;1.8;7.3;NE;15.99;2.74
17-07-2017;19.5;26.2;13.2;48.2;72.6;25.5;0.0;1.0;6.2;NE;17.74;3.24
18-07-2017;12.1;14.7;7.1;87.2;97.4;72.5;0.0;1.8;7.7;SO;3.68;0.51
19-07-2017;13.2;22.4;7.2;77.5;93.6;47.2;0.0;3.1;7.0;S;16.14;2.21
20-07-2017;17.9;25.1;11.8;64.0;88.7;33.6;0.0;2.2;6.7;L;17.91;2.95
21-07-2017;18.8;25.9;14.1;58.8;77.7;33.9;0.0;1.8;6.4;L;16.17;2.78
22-07-2017;18.7;26.5;14.1;47.8;61.4;27.2;0.0;2.0;6.1;S;17.76;3.04
23-07-2017;19.1;26.3;13.5;49.6;66.4;27.1;0.0;2.4;7.7;L;18.08;3.05
24-07-2017;17.8;25.3;11.6;53.8;70.8;30.4;0.0;1.8;6.1;L;18.47;3.12
25-07-2017;18.9;25.6;13.3;56.0;76.4;31.9;0.0;1.7;7.3;L;18.64;3.23
26-07-2017;18.5;25.0;12.6;54.9;80.4;31.5;0.0;1.8;5.9;SE;18.64;3.19
27-07-2017;18.0;24.5;12.5;56.9;79.1;32.2;0.0;2.1;7.0;SE;18.75;3.13
28-07-2017;17.3;24.3;11.5;54.9;80.8;29.5;0.0;2.4;8.8;L;19.08;3.08
29-07-2017;17.4;24.3;12.1;61.6;80.3;37.4;0.0;2.6;9.1;L;18.84;2.99
30-07-2017;17.2;23.9;13.2;65.1;89.5;38.2;0.0;2.6;8.2;L;18.64;2.95
31-07-2017;16.8;23.4;12.3;55.1;69.6;35.6;0.0;1.6;7.3;L;16.29;2.72
01-08-2017;17.3;24.0;13.3;52.4;68.9;31.6;0.0;1.4;6.1;L;14.17;2.41
02-08-2017;18.7;26.3;13.0;47.2;66.6;27.5;0.0;1.8;7.0;NE;16.12;2.78
03-08-2017;16.6;21.4;10.8;62.5;88.1;45.1;0.0;2.3;8.9;NO;12.64;2.01
04-08-2017;14.4;21.3;9.4;75.8;95.9;44.3;0.0;3.0;9.2;S;15.18;2.17
05-08-2017;15.0;22.2;10.6;72.6;93.2;44.3;0.0;4.4;9.2;S;18.11;2.43
06-08-2017;16.4;24.8;9.5;62.5;89.8;32.3;0.0;3.2;7.4;SE;19.60;2.94
07-08-2017;19.5;27.0;12.9;52.5;76.6;30.1;0.0;2.2;7.0;NE;18.69;3.20
08-08-2017;21.7;29.1;16.0;47.8;68.4;27.1;0.0;1.4;5.9;N;15.96;2.98
09-08-2017;24.1;30.9;17.0;38.3;56.2;22.5;0.0;1.6;7.4;O;17.36;3.36
10-08-2017;23.6;30.7;16.3;47.0;83.7;23.4;0.0;2.1;6.4;S;18.26;3.42
11-08-2017;20.3;29.3;12.6;52.8;89.3;22.2;0.0;3.2;7.6;SE;18.98;3.18
12-08-2017;22.6;30.5;16.7;48.3;70.2;25.0;0.0;2.3;6.8;L;17.85;3.26
13-08-2017;23.1;30.5;17.3;48.1;80.3;25.5;0.0;2.3;7.7;NE;16.52;3.04
14-08-2017;21.1;26.7;17.1;68.4;87.9;47.6;0.0;1.1;4.0;SO;11.57;2.15
15-08-2017;17.6;20.4;14.4;75.4;89.6;64.9;0.0;3.1;8.2;S;10.30;1.59
16-08-2017;16.8;20.7;15.1;87.2;95.3;71.8;1.2;2.1;6.7;SE;5.47;0.85
17-08-2017;15.9;17.6;14.7;93.8;97.0;83.3;2.0;1.9;5.3;SE;4.44;0.67
18-08-2017;16.3;18.2;14.9;95.6;99.1;86.5;10.4;1.8;5.2;L;4.34;0.67
19-08-2017;18.6;22.8;16.3;83.9;93.9;68.0;0.8;2.8;7.4;SE;10.61;1.69
20-08-2017;19.2;27.7;15.0;79.9;99.3;36.7;5.6;2.4;8.5;NE;8.66;1.44
21-08-2017;14.1;18.3;10.5;85.2;99.4;63.3;0.2;5.7;11.8;S;13.02;1.55
22-08-2017;17.2;25.4;10.4;70.4;92.7;45.6;0.0;4.0;10.0;SE;21.01;3.07
23-08-2017;20.1;26.9;14.8;64.0;81.5;40.1;0.0;3.2;7.6;L;19.11;3.15
24-08-2017;19.9;27.0;14.2;56.4;91.2;29.2;0.0;2.3;8.0;SE;21.40;3.67
25-08-2017;20.4;28.0;15.0;52.3;76.3;28.8;0.0;2.5;7.1;L;20.74;3.58
26-08-2017;21.2;29.3;14.2;45.6;62.6;25.4;0.0;2.1;5.8;L;21.17;3.79
27-08-2017;22.5;30.0;16.8;38.8;58.4;19.5;0.0;2.2;6.5;SE;21.71;3.98
28-08-2017;22.5;30.5;16.7;38.5;64.1;9.1;0.0;2.5;6.2;S;22.14;3.99
29-08-2017;23.1;31.7;16.3;37.5;60.4;14.8;0.0;2.3;6.5;SE;21.49;3.96
30-08-2017;24.8;32.7;17.9;31.4;50.6;13.8;0.0;2.1;5.6;SE;21.88;4.21
31-08-2017;21.6;29.4;14.4;55.4;86.7;32.7;0.0;4.5;10.1;S;21.82;3.53
01-09-2017;20.2;28.2;13.6;65.1;91.9;36.6;0.0;3.6;8.9;SE;20.34;3.30
02-09-2017;20.8;28.5;15.1;57.3;84.2;27.6;0.0;3.0;9.1;L;22.58;3.83
03-09-2017;20.2;28.4;14.0;46.8;74.9;18.0;0.0;2.8;7.3;L;23.45;3.97
04-09-2017;20.6;28.8;13.6;39.8;63.9;17.3;0.0;2.6;8.6;L;23.36;4.04
05-09-2017;22.0;29.2;14.0;35.6;58.7;20.8;0.0;1.8;6.8;L;23.01;4.25
06-09-2017;22.7;29.9;16.6;32.9;55.0;16.1;0.2;2.1;6.5;SE;23.11;4.26
07-09-2017;22.9;30.8;15.8;35.3;59.3;16.2;0.0;2.5;8.9;SE;22.24;4.06
08-09-2017;24.0;31.5;18.0;32.0;46.9;17.6;0.0;2.5;6.8;L;21.26;3.96
09-09-2017;23.7;31.1;17.8;33.1;48.5;18.0;0.0;2.8;8.2;L;22.21;4.07
10-09-2017;23.0;30.8;15.8;37.7;54.9;19.6;0.0;2.5;8.6;L;24.02;4.37
11-09-2017;24.3;32.4;17.4;39.4;61.9;18.9;0.0;2.1;6.4;L;23.16;4.40
12-09-2017;24.7;31.7;18.6;37.1;56.6;21.4;0.0;2.4;7.6;L;23.61;4.46
13-09-2017;24.0;31.5;17.7;36.2;50.6;16.4;0.0;2.6;8.5;L;24.12;4.44
14-09-2017;24.6;32.2;16.9;35.1;55.8;18.0;0.0;2.2;8.2;NE;24.11;4.58
15-09-2017;25.5;33.1;18.5;28.0;47.7;12.8;0.0;2.0;8.2;L;23.45;4.58
16-09-2017;25.1;32.6;18.1;29.6;59.4;10.5;0.0;2.8;9.2;L;23.07;4.34
17-09-2017;24.8;32.1;17.5;28.8;44.5;13.1;0.0;1.7;6.5;L;23.13;4.50
18-09-2017;24.7;32.8;16.5;37.7;63.6;19.5;0.0;2.0;6.1;SE;20.88;4.01
19-09-2017;24.2;31.7;19.0;40.1;72.8;17.6;0.0;2.9;7.6;SE;21.60;3.97
20-09-2017;24.2;32.1;18.7;39.7;59.5;18.5;0.0;3.0;7.9;L;23.67;4.33
21-09-2017;23.6;30.6;18.4;38.4;59.4;22.4;0.0;2.8;10.0;L;24.54;4.46
22-09-2017;22.9;31.1;17.0;38.7;57.4;21.4;0.0;2.3;8.9;L;22.75;4.18
23-09-2017;23.5;31.0;17.3;40.4;72.0;20.3;0.0;2.3;8.3;L;22.52;4.17
24-09-2017;22.0;29.5;16.1;59.6;89.1;30.3;0.0;3.8;10.1;SE;21.40;3.59
25-09-2017;21.9;29.7;15.3;53.4;84.3;21.4;0.0;3.4;8.5;SE;22.84;3.90
26-09-2017;22.1;30.0;16.5;47.5;77.6;26.9;0.0;2.7;9.4;L;23.03;4.07
27-09-2017;24.2;32.1;17.8;40.3;61.5;22.5;0.0;2.2;7.9;L;22.81;4.31
28-09-2017;23.5;32.3;17.6;53.3;84.9;25.2;0.0;2.4;9.8;NE;20.42;3.77
29-09-2017;20.8;31.6;16.0;74.4;98.9;32.2;20.6;3.2;9.5;SE;15.63;2.60
30-09-2017;17.6;20.9;15.5;93.7;99.5;72.3;18.2;2.5;7.9;N;7.33;1.14
01-10-2017;20.2;27.0;14.4;74.0;99.5;43.5;0.0;1.7;6.8;N;24.35;4.34
02-10-2017;18.4;22.2;15.8;83.3;98.8;55.6;16.6;1.8;8.3;NO;5.14;0.85
03-10-2017;17.6;23.0;15.0;77.6;98.6;45.6;1.2;2.2;6.2;NO;12.02;1.95
04-10-2017;19.8;26.7;14.3;62.0;88.5;40.4;0.0;2.9;7.4;SE;20.81;3.45
05-10-2017;23.8;32.1;16.3;61.5;94.3;27.6;0.0;2.6;7.3;NE;26.30;4.80
06-10-2017;25.5;33.3;18.7;54.3;83.5;29.3;0.0;2.1;8.0;NE;24.61;4.77
07-10-2017;19.5;26.1;17.8;82.0;91.4;45.7;0.0;4.1;10.6;S;6.68;1.03
08-10-2017;23.1;30.9;18.8;65.1;85.3;37.0;0.0;2.7;8.5;SE;17.95;3.22
09-10-2017;25.0;32.8;19.6;58.0;79.6;26.1;0.0;2.3;8.3;SE;18.85;3.57
10-10-2017;26.9;34.7;21.6;47.4;72.0;24.4;0.0;2.2;7.0;L;26.21;5.17
11-10-2017;25.6;33.7;21.5;51.0;73.6;29.3;2.8;2.2;11.9;L;18.19;3.52
12-10-2017;27.4;35.6;19.9;43.7;72.6;22.0;0.0;2.4;7.4;SE;25.90;5.11
13-10-2017;28.0;35.6;22.7;39.1;57.7;23.2;0.0;2.5;7.9;L;22.59;4.51
14-10-2017;27.7;35.1;19.3;43.7;88.0;18.0;0.0;2.5;10.6;S;25.54;5.06
15-10-2017;21.3;29.2;15.6;72.1;90.1;44.9;0.0;5.3;11.0;S;26.13;3.99
16-10-2017;22.0;30.5;14.7;68.6;92.2;40.9;0.0;3.4;8.5;SE;26.15;4.42
17-10-2017;24.1;32.1;17.5;61.0;88.1;35.0;0.0;3.3;10.6;L;25.55;4.57
18-10-2017;25.2;32.6;19.3;48.0;72.2;24.6;0.0;3.1;8.9;L;25.13;4.64
19-10-2017;26.0;33.4;19.2;37.6;69.3;20.1;0.0;2.4;8.3;NE;24.93;4.82
20-10-2017;24.6;31.2;19.9;54.0;78.2;22.6;0.0;2.7;8.9;S;16.59;3.09
21-10-2017;23.0;27.6;19.8;61.5;73.8;43.1;0.0;3.4;9.7;S;11.55;2.02
22-10-2017;18.8;22.5;16.8;92.6;99.2;63.8;10.4;0.9;4.7;O;4.52;0.78
23-10-2017;18.4;22.6;14.7;85.6;97.6;67.2;4.8;3.3;7.9;S;12.10;1.86
24-10-2017;21.4;30.6;13.6;71.4;96.2;38.0;0.0;2.9;7.3;SE;23.92;4.10
25-10-2017;24.5;33.0;16.6;61.8;92.6;28.9;0.0;2.2;8.5;L;26.13;4.92
26-10-2017;21.2;28.3;17.1;75.2;97.3;50.1;6.4;3.5;9.4;SE;15.30;2.53
27-10-2017;21.6;31.9;16.3;75.9;99.4;33.5;36.8;2.7;9.1;N;14.03;2.43
28-10-2017;22.2;29.0;16.5;77.1;99.5;48.3;0.2;2.5;8.8;NO;24.31;4.31
29-10-2017;21.4;26.6;18.1;84.0;99.2;46.9;16.8;2.0;11.9;L;12.49;2.22
30-10-2017;20.1;25.0;17.5;88.2;99.4;65.8;33.0;2.1;9.8;NE;10.50;1.79
31-10-2017;19.7;24.4;16.3;85.5;99.5;62.7;0.2;2.2;10.3;S;15.56;2.64
01-11-2017;19.3;26.7;13.7;67.9;93.5;38.8;0.0;4.7;10.0;S;28.76;4.29
02-11-2017;21.3;29.3;13.8;66.2;90.7;36.6;0.0;3.2;8.5;L;29.39;4.94
03-11-2017;23.0;31.2;17.6;68.7;96.9;34.7;3.2;2.9;7.9;NE;26.19;4.64
04-11-2017;21.1;27.7;17.4;85.9;99.5;55.3;44.0;3.1;9.8;N;20.38;3.41
05-11-2017;19.1;22.3;17.2;92.0;99.4;77.7;1.2;1.9;6.8;SO;7.31;1.22
06-11-2017;19.8;26.9;15.3;83.5;98.4;57.2;0.0;3.6;10.0;S;19.86;3.14
07-11-2017;20.2;27.9;14.9;75.9;92.1;51.3;0.0;3.5;8.8;SE;22.65;3.65
08-11-2017;21.6;28.4;16.3;75.2;99.4;49.0;5.8;2.7;9.5;L;20.01;3.47
09-11-2017;21.9;29.2;18.6;83.0;98.9;50.6;1.4;2.0;9.1;L;19.80;3.56
10-11-2017;22.3;28.8;18.4;82.5;99.4;52.3;40.0;2.2;12.5;NE;20.97;3.77
11-11-2017;21.5;27.5;17.2;87.4;99.4;59.6;0.2;2.2;7.3;NO;18.42;3.25
12-11-2017;21.3;27.9;15.4;56.7;93.3;27.3;0.0;1.2;6.7;SO;30.99;5.82
13-11-2017;23.0;29.6;17.6;43.4;74.1;23.0;0.0;2.1;7.4;S;30.76;5.70
14-11-2017;23.1;31.1;14.3;45.0;81.9;26.1;0.0;3.3;9.2;SE;30.76;5.38
15-11-2017;24.4;31.5;19.7;58.1;82.6;34.5;0.0;2.9;9.5;L;26.13;4.76
16-11-2017;23.9;31.0;19.4;62.6;79.6;32.3;0.0;2.5;10.1;NE;29.06;5.33
17-11-2017;21.6;28.2;17.3;78.3;99.2;52.3;2.6;2.5;11.5;L;22.10;3.86
18-11-2017;22.0;28.3;18.4;79.4;99.4;55.3;17.6;2.4;10.6;N;17.53;3.09
19-11-2017;21.4;26.6;18.9;90.8;99.4;65.3;1.2;2.3;7.4;NO;14.33;2.50
20-11-2017;21.7;28.2;18.7;88.9;99.3;58.1;3.6;1.9;5.9;SE;16.53;2.97
21-11-2017;21.5;27.0;19.7;92.0;99.4;66.1;9.2;2.3;7.1;NE;10.68;1.86
22-11-2017;20.8;25.9;16.5;93.1;99.4;71.8;19.4;2.9;8.8;N;15.17;2.53
23-11-2017;21.0;28.6;15.2;79.1;96.4;54.2;0.0;3.0;8.2;SE;21.26;3.58
24-11-2017;23.3;31.1;17.1;71.1;96.7;34.0;0.0;2.0;6.2;L;26.20;4.88
25-11-2017;23.8;31.1;18.8;71.8;97.7;40.2;3.0;2.7;11.0;L;26.22;4.76
26-11-2017;20.4;23.9;18.5;92.7;99.4;76.2;2.8;2.7;10.0;N;11.27;1.86
27-11-2017;20.3;24.2;18.3;93.0;99.4;73.0;1.0;1.7;6.5;N;9.11;1.59
28-11-2017;22.9;29.4;17.3;78.5;96.6;50.3;0.2;2.3;7.4;SE;22.27;4.04
29-11-2017;21.5;28.6;15.1;69.0;93.1;38.5;0.0;3.1;7.6;S;30.64;5.21
30-11-2017;20.2;28.9;16.3;81.0;96.5;52.5;2.4;2.9;8.3;L;22.53;3.74
01-12-2017;18.3;20.9;16.9;97.6;99.5;91.5;6.6;2.5;6.2;L;8.37;1.32
02-12-2017;20.8;25.7;17.1;86.7;99.5;65.8;0.2;3.1;7.4;SE;17.59;2.91
03-12-2017;22.4;28.7;17.7;82.2;96.4;58.6;0.0;2.0;6.4;SE;18.11;3.29
04-12-2017;24.5;31.4;18.4;72.2;96.9;40.5;0.0;2.0;6.5;;27.11;5.16
05-12-2017;25.0;31.3;19.4;65.7;89.6;38.9;0.0;2.4;7.1;S;27.35;5.16
06-12-2017;22.3;30.3;18.6;86.1;99.4;52.0;9.0;2.1;8.2;SE;20.40;3.68
07-12-2017;21.5;26.8;19.6;96.2;99.5;70.0;6.6;1.7;7.6;L;11.47;2.06
08-12-2017;23.0;29.5;19.7;87.7;99.5;55.9;10.8;2.0;8.2;O;21.80;4.01
09-12-2017;22.9;29.9;17.8;77.3;97.2;42.1;6.8;1.9;10.0;S;24.72;4.59
10-12-2017;24.5;29.8;20.0;64.6;84.8;41.5;0.0;1.5;5.3;S;22.69;4.42
11-12-2017;24.9;31.5;19.2;60.3;85.3;30.9;0.0;2.2;10.4;S;24.98;4.75
12-12-2017;21.6;28.2;16.9;78.4;97.5;55.1;8.4;3.9;10.4;SE;22.89;3.73
13-12-2017;23.3;30.3;17.7;71.1;90.2;43.4;0.0;2.8;7.9;L;28.26;5.04
14-12-2017;23.9;29.9;19.1;70.9;90.7;47.2;0.0;2.3;7.3;L;27.82;5.14
15-12-2017;23.4;31.4;19.0;75.8;93.4;41.6;5.4;1.7;8.8;L;27.06;5.11
16-12-2017;24.1;31.2;19.2;73.7;92.0;41.9;0.0;1.8;6.2;NE;28.68;5.46
17-12-2017;23.9;31.2;18.3;73.6;95.7;39.7;0.0;2.1;7.0;NE;27.41;5.12
18-12-2017;23.7;30.8;18.5;75.8;96.0;43.7;1.2;1.7;7.4;NE;23.78;4.51
19-12-2017;23.6;32.2;18.7;77.1;99.1;41.1;19.4;2.9;9.8;SE;26.83;4.78
20-12-2017;23.8;29.4;19.1;74.6;96.7;48.9;2.8;2.0;7.4;L;22.86;4.28
21-12-2017;20.3;22.2;18.9;92.8;99.4;78.5;8.0;1.3;5.3;SE;7.86;1.40
22-12-2017;20.1;24.8;18.6;95.0;99.5;75.0;14.4;1.3;7.6;NE;11.85;2.12
23-12-2017;21.8;27.4;18.9;88.9;99.4;64.1;3.2;1.8;8.9;NO;16.31;2.95
24-12-2017;23.5;29.6;18.6;79.1;99.4;54.7;0.0;1.7;7.4;O;25.01;4.72
25-12-2017;22.6;29.5;19.1;83.3;99.2;58.0;3.4;1.5;9.8;SO;16.42;3.07
26-12-2017;22.6;30.0;17.9;86.0;99.4;51.6;11.0;1.4;5.5;SE;21.07;3.96
27-12-2017;24.2;30.5;19.4;80.0;99.4;51.8;0.8;1.9;5.6;S;26.65;5.05
28-12-2017;24.1;30.7;19.6;80.2;97.9;48.9;20.0;1.0;5.9;SE;20.10;3.97
29-12-2017;21.4;27.4;17.1;91.4;99.5;71.3;68.0;1.9;13.7;NE;13.97;2.49
30-12-2017;19.7;23.0;18.5;98.5;99.5;86.1;34.0;2.2;9.1;N;7.13;1.18
31-12-2017;19.7;24.3;18.5;98.1;99.5;82.6;32.0;2.7;7.9;N;7.72;1.24
01-01-2018;21.7;28.0;18.4;92.0;99.5;66.4;1.2;1.6;6.4;NO;16.10;2.93
02-01-2018;20.4;25.9;19.3;97.6;99.5;76.2;20.0;1.7;11.0;N;10.58;1.85
03-01-2018;20.8;24.6;18.6;97.6;99.5;81.1;21.4;2.2;6.8;NO;11.38;1.96
04-01-2018;23.2;29.5;18.2;76.1;99.4;47.4;0.2;2.0;5.5;SE;25.15;4.65
05-01-2018;23.2;30.0;18.6;81.0;97.6;50.9;0.0;1.7;5.0;NE;23.63;4.45
06-01-2018;21.4;26.5;18.8;91.0;99.4;63.2;1.2;1.6;6.7;NE;11.37;2.05
07-01-2018;18.9;21.7;16.9;96.1;99.5;86.8;3.0;2.6;7.6;SE;7.81;1.24
08-01-2018;19.5;22.2;17.5;97.2;99.5;84.2;5.6;1.7;6.5;L;8.73;1.49
09-01-2018;21.2;26.8;18.2;89.5;99.5;63.7;0.2;2.0;6.4;S;14.59;2.57
10-01-2018;23.2;31.0;19.2;78.3;96.8;46.4;2.8;2.1;7.3;SE;22.54;4.14
11-01-2018;22.2;29.6;17.0;82.4;99.5;51.3;28.0;1.8;9.4;SE;22.35;4.09
12-01-2018;19.2;25.7;16.8;94.9;99.5;65.8;25.6;1.4;7.0;N;13.92;2.44
13-01-2018;20.6;28.1;16.6;88.8;99.5;53.4;39.8;1.2;20.0;N;19.76;3.62
14-01-2018;21.9;29.1;17.1;84.9;99.5;58.2;0.0;1.3;9.7;NE;22.62;4.24
15-01-2018;22.4;28.3;18.4;86.9;99.5;58.7;5.6;1.8;6.8;N;21.64;3.97
16-01-2018;22.5;28.3;18.9;88.1;99.5;61.4;0.8;1.2;4.4;S;16.43;3.12
17-01-2018;24.1;29.8;19.9;77.0;96.2;55.5;0.0;1.5;8.5;SE;21.62;4.17
18-01-2018;24.4;30.6;19.8;77.2;99.4;50.0;5.6;1.7;10.6;NO;24.94;4.80
19-01-2018;23.3;30.6;18.9;79.6;99.4;48.9;0.0;1.4;5.3;SE;19.08;3.64
20-01-2018;23.8;31.0;19.4;77.2;97.9;46.4;0.2;1.9;7.1;SE;22.75;4.29
21-01-2018;24.5;30.4;20.3;72.3;92.8;44.2;0.0;2.0;6.1;L;23.28;4.42
22-01-2018;24.9;31.5;21.0;71.1;85.2;42.8;0.0;1.6;6.4;SE;20.19;3.93
23-01-2018;25.4;31.9;20.0;68.4;91.0;40.5;0.0;2.2;6.2;NE;26.97;5.16
24-01-2018;24.0;32.2;19.0;73.9;96.8;37.8;1.6;1.9;10.9;SE;22.28;4.21
25-01-2018;24.1;31.4;19.8;78.7;97.7;47.5;0.4;2.1;9.8;SE;21.15;3.95
26-01-2018;22.9;29.7;19.6;84.1;97.4;55.8;4.6;3.2;7.4;SE;20.28;3.50
27-01-2018;23.2;29.7;18.7;81.0;96.4;53.0;0.0;2.5;6.7;SE;23.64;4.26
28-01-2018;22.7;30.1;20.2;86.5;99.4;59.4;11.8;1.1;11.6;L;17.29;3.31
29-01-2018;23.1;28.4;19.8;88.9;99.4;61.4;30.8;0.8;6.1;NO;18.71;3.68
30-01-2018;21.0;24.9;18.2;97.1;99.4;81.4;32.4;1.9;7.6;SE;9.43;1.65
31-01-2018;21.3;27.4;16.6;77.2;97.1;53.1;0.0;2.9;7.4;SE;27.77;4.73
01-02-2018;22.1;29.9;16.3;73.6;95.1;44.1;0.0;2.7;7.6;SE;30.45;5.34
02-02-2018;22.3;29.0;17.4;80.0;94.8;56.5;0.2;2.4;7.0;SE;18.03;3.20
03-02-2018;22.7;29.8;17.4;77.8;96.1;51.8;0.0;3.2;9.1;SE;25.49;4.40
04-02-2018;21.7;28.2;16.3;73.8;87.3;53.4;0.0;3.1;9.1;SE;25.55;4.34
05-02-2018;21.3;26.8;16.8;79.0;97.5;53.8;2.4;2.1;6.5;SE;20.06;3.55
06-02-2018;21.3;27.2;16.7;81.1;99.4;53.5;0.2;1.4;5.3;S;15.64;2.88
07-02-2018;22.6;29.3;17.0;67.1;98.1;31.8;0.0;1.1;5.8;S;28.78;5.55
08-02-2018;24.3;31.8;17.8;55.5;76.5;31.6;0.0;0.9;4.1;SE;23.64;4.72
09-02-2018;25.0;32.8;19.4;65.5;84.0;39.2;0.0;1.6;5.8;L;25.88;5.06
10-02-2018;22.8;28.3;20.0;83.7;98.3;53.7;0.4;1.2;6.7;N;17.98;3.43
11-02-2018;24.1;30.6;20.7;82.6;97.9;47.5;0.2;1.4;8.2;NE;19.00;3.68
12-02-2018;23.7;30.2;19.3;84.2;99.4;53.9;8.6;0.8;5.0;O;19.40;3.86
13-02-2018;22.6;27.9;18.4;85.4;97.9;67.7;0.0;3.3;7.3;S;18.99;3.25
14-02-2018;18.8;20.3;17.7;96.6;99.5;90.9;14.0;3.4;8.9;S;2.48;0.37
15-02-2018;20.6;25.7;17.6;88.5;97.2;67.9;0.2;3.2;8.5;SE;13.85;2.27
16-02-2018;22.0;29.9;17.6;79.9;98.5;50.4;0.8;2.7;7.9;SE;24.02;4.18
17-02-2018;22.3;29.9;17.0;78.3;97.7;49.4;0.2;2.4;7.0;SE;21.39;3.81
18-02-2018;20.8;26.2;17.9;87.0;98.2;67.8;0.4;2.3;7.9;L;14.27;2.46
19-02-2018;21.3;27.3;17.6;89.5;99.4;61.1;11.6;1.4;6.1;N;17.87;3.28
20-02-2018;21.3;26.2;19.1;94.6;99.5;73.4;5.6;1.8;7.1;N;14.49;2.59
21-02-2018;22.7;28.0;18.6;84.2;99.5;57.0;9.2;1.6;7.7;NO;22.32;4.18
22-02-2018;24.1;29.6;20.1;72.9;92.0;44.7;1.4;0.8;5.2;O;20.43;4.08
23-02-2018;23.2;29.0;19.0;77.7;99.3;52.1;0.0;2.4;8.0;S;21.77;3.94
24-02-2018;22.5;29.2;17.0;76.8;97.2;55.6;0.0;2.5;8.0;SE;18.80;3.35
25-02-2018;23.0;29.9;17.9;75.6;95.6;49.6;0.0;2.4;7.3;SE;25.47;4.61
26-02-2018;20.2;23.6;18.5;95.3;99.5;82.5;36.2;1.7;5.8;L;7.20;1.25
27-02-2018;20.1;24.6;18.7;96.6;99.5;78.5;14.4;1.0;4.1;N;8.04;1.45
28-02-2018;23.7;29.6;18.2;78.2;97.0;54.2;0.0;1.0;5.5;NO;24.80;4.89
01-03-2018;22.9;29.9;19.0;84.8;99.4;56.0;16.4;1.2;8.5;L;20.25;3.87
02-03-2018;23.8;30.1;19.3;80.7;99.2;53.4;2.2;1.2;7.7;O;23.22;4.53
03-03-2018;22.9;29.0;18.4;87.7;99.4;59.2;14.6;0.7;6.1;SO;21.32;4.21
04-03-2018;24.7;30.4;19.9;79.2;99.4;51.8;0.2;1.3;7.6;SO;24.81;4.88
05-03-2018;25.1;31.0;19.9;74.2;92.5;47.8;0.0;1.2;8.3;O;24.85;4.96
06-03-2018;25.0;31.3;19.9;78.1;97.0;49.7;0.0;1.2;6.7;O;24.02;4.78
07-03-2018;23.6;29.8;19.3;85.8;99.5;56.5;21.6;1.4;7.9;O;21.94;4.22
08-03-2018;22.6;28.7;19.3;87.5;99.4;57.6;6.2;1.7;5.3;S;18.07;3.35
09-03-2018;23.1;29.7;18.4;81.8;99.4;55.1;0.0;2.0;5.3;SE;20.43;3.77
10-03-2018;22.0;29.3;19.1;88.0;99.5;62.5;6.8;1.6;5.9;S;15.00;2.76
11-03-2018;24.1;29.9;19.0;76.5;98.2;50.1;3.0;0.8;5.2;SO;25.56;5.12
12-03-2018;25.8;30.8;20.8;71.7;90.0;52.2;0.0;1.2;5.8;O;23.76;4.78
13-03-2018;25.5;31.8;21.6;72.2;87.8;50.1;0.0;1.3;7.9;SO;21.67;4.31
14-03-2018;26.4;32.7;20.9;70.4;90.6;46.1;0.0;1.5;10.0;NE;23.17;4.65
15-03-2018;24.6;30.5;19.4;77.8;96.5;55.3;0.0;2.6;8.6;NE;22.41;4.14
16-03-2018;22.2;29.4;19.5;91.7;99.4;64.4;14.2;1.0;8.5;O;9.34;1.76
17-03-2018;23.1;30.0;18.9;85.7;99.4;60.0;27.7;1.0;8.8;S;18.66;3.62
18-03-2018;25.0;31.7;19.4;77.0;97.6;45.0;0.0;1.2;5.5;SE;24.55;4.87
19-03-2018;24.9;31.3;20.9;76.0;94.8;49.3;1.4;1.0;4.9;SO;20.74;4.14
20-03-2018;23.7;30.2;19.8;84.4;99.3;58.5;20.4;0.9;6.7;SE;12.31;2.42
21-03-2018;22.0;30.0;18.2;88.7;99.5;58.2;43.0;2.2;9.4;S;20.88;3.73
22-03-2018;22.6;29.8;16.9;83.3;99.5;55.6;0.0;1.4;4.7;SE;20.84;3.94
23-03-2018;24.0;31.3;19.8;80.0;98.1;49.2;0.6;1.7;6.4;L;21.28;4.04
24-03-2018;23.7;29.4;19.4;75.8;93.6;51.7;0.0;2.1;7.9;L;23.20;4.31
25-03-2018;23.6;29.1;18.7;74.3;91.6;52.1;0.0;1.6;6.4;NE;22.94;4.37
26-03-2018;21.5;28.6;18.2;86.3;99.4;54.8;22.2;1.9;10.1;L;14.28;2.56
27-03-2018;22.2;28.8;18.1;83.2;99.4;52.1;1.8;2.2;7.3;SE;20.72;3.72
28-03-2018;23.1;30.0;17.8;72.7;95.4;38.3;0.0;1.8;5.9;SE;23.64;4.41
29-03-2018;22.9;30.2;18.5;75.6;94.9;46.0;0.0;1.8;5.8;SE;21.01;3.90
30-03-2018;23.2;29.7;19.1;72.9;95.0;43.6;0.0;1.8;5.6;SE;20.44;3.83
31-03-2018;22.1;27.9;18.2;81.3;99.4;57.1;1.6;1.7;6.2;L;16.36;3.00
01-04-2018;20.7;26.2;18.3;94.3;99.4;71.0;4.2;0.7;4.4;N;9.07;1.69
02-04-2018;21.1;25.8;18.8;94.2;99.4;71.5;12.6;0.8;6.7;N;10.92;2.05
03-04-2018;21.2;25.6;18.6;93.2;99.4;74.8;4.0;0.4;6.2;NO;11.74;2.26
04-04-2018;21.1;27.0;17.2;85.4;99.5;52.8;0.2;0.7;4.1;S;15.13;2.87
05-04-2018;22.2;28.9;17.8;74.1;90.2;45.0;0.0;1.1;4.0;S;16.69;3.18
06-04-2018;21.8;28.5;18.0;72.9;91.6;39.5;0.0;1.8;4.9;S;22.83;4.16
07-04-2018;22.3;31.1;17.2;73.2;95.9;34.2;0.0;1.8;6.1;SE;21.86;4.02
08-04-2018;22.9;31.7;18.2;76.6;93.0;41.3;0.0;2.4;6.4;SE;21.22;3.84
09-04-2018;22.9;29.7;18.9;74.7;92.0;45.5;0.0;2.3;7.1;L;20.67;3.76
10-04-2018;22.5;29.6;17.9;74.2;95.8;42.7;0.0;2.1;7.6;SE;21.19;3.85
11-04-2018;22.0;29.1;17.4;71.0;91.4;41.1;0.0;2.0;6.5;SE;22.02;3.99
12-04-2018;21.1;27.9;16.3;71.9;91.9;45.7;0.0;1.6;5.5;L;17.03;3.09
13-04-2018;22.7;29.9;17.1;68.1;91.4;40.4;0.0;1.3;5.3;SE;21.88;4.17
14-04-2018;21.9;28.1;17.6;77.1;91.4;55.1;0.0;2.7;6.1;S;18.67;3.25
15-04-2018;20.0;24.2;17.1;84.9;97.0;68.3;0.0;3.9;8.2;S;12.08;1.89
16-04-2018;19.1;25.1;16.2;83.9;98.5;61.3;0.0;3.7;7.9;S;15.47;2.38
17-04-2018;19.3;26.5;14.7;77.1;94.6;50.4;0.0;2.3;6.8;SE;18.63;3.13
18-04-2018;19.4;27.3;13.9;68.5;93.2;39.2;0.0;1.8;5.8;SE;21.11;3.67
19-04-2018;20.4;27.8;14.6;61.4;85.2;36.0;0.0;1.6;5.0;S;20.93;3.76
20-04-2018;20.0;26.0;16.0;54.7;69.8;35.4;0.0;1.7;6.5;S;18.87;3.35
21-04-2018;18.5;25.1;14.0;56.7;84.8;26.7;0.0;1.9;6.8;S;21.26;3.62
22-04-2018;20.7;27.8;15.3;70.9;92.0;38.6;0.0;2.1;6.4;SE;21.13;3.71
23-04-2018;21.0;29.4;15.9;65.9;87.6;34.5;0.0;1.7;5.6;SE;20.44;3.69
24-04-2018;21.1;28.8;15.7;68.2;89.4;38.5;0.0;1.7;5.2;SE;20.05;3.63
25-04-2018;21.9;29.0;16.5;67.6;87.0;39.3;0.0;1.8;5.8;SE;20.21;3.70
26-04-2018;22.6;29.5;17.5;66.2;85.2;41.0;0.0;1.6;5.8;SE;19.30;3.62
27-04-2018;22.8;29.8;18.5;66.9;84.8;39.1;0.0;1.9;6.1;L;19.67;3.64
28-04-2018;22.3;29.9;17.8;68.6;86.7;40.0;0.0;1.7;7.0;L;18.13;3.35
29-04-2018;22.8;29.5;17.5;60.7;81.8;36.9;0.0;1.5;6.1;L;20.67;3.90
30-04-2018;23.3;29.3;18.8;52.4;69.7;34.1;0.0;1.2;6.1;L;18.03;3.49
01-05-2018;23.2;30.0;18.7;54.8;79.8;30.5;0.0;1.5;5.6;S;19.14;3.65
02-05-2018;22.3;29.6;16.7;62.1;91.0;33.8;0.0;1.8;5.9;SE;19.04;3.51
03-05-2018;22.6;28.8;16.3;52.2;82.9;29.4;0.0;1.3;5.0;SE;19.87;3.79
04-05-2018;23.2;30.6;17.3;51.1;65.1;31.3;0.0;1.4;5.0;L;18.75;3.59
05-05-2018;23.5;30.6;18.9;56.4;70.3;34.9;0.0;1.6;5.6;SE;17.01;3.24
06-05-2018;22.0;29.5;17.6;69.0;94.4;40.0;8.2;2.1;9.4;SE;13.07;2.36
07-05-2018;20.1;27.0;15.6;75.2;93.5;44.6;0.0;2.6;6.7;S;17.76;2.99
08-05-2018;20.0;27.3;15.3;76.4;96.5;45.9;0.0;2.6;6.8;SE;17.78;2.99
09-05-2018;19.9;26.9;15.0;74.9;96.4;45.9;0.0;2.1;5.8;SE;18.17;3.14
10-05-2018;20.7;28.2;15.7;63.4;84.3;35.1;0.0;1.7;6.1;L;18.47;3.32
11-05-2018;21.0;27.5;16.6;64.5;79.1;42.9;0.0;1.4;6.8;NE;17.42;3.20
12-05-2018;21.0;26.9;17.2;71.8;88.5;50.3;0.0;1.2;6.1;NO;13.66;2.53
13-05-2018;20.2;26.6;16.1;78.6;97.3;50.4;0.0;1.6;5.9;S;12.36;2.19
14-05-2018;20.6;28.7;15.2;75.9;94.9;40.7;0.0;2.2;7.1;;17.79;3.10
15-05-2018;19.5;26.3;17.1;85.6;99.0;57.2;6.8;1.3;6.7;L;11.67;2.07
16-05-2018;19.5;21.9;17.1;86.5;96.3;71.5;0.0;0.4;5.3;SO;5.19;0.95
17-05-2018;21.1;27.9;16.6;78.8;99.5;49.4;0.0;1.6;5.3;SE;15.62;2.84
18-05-2018;21.5;27.8;17.1;74.2;92.2;51.2;0.0;1.8;6.5;NE;15.52;2.81
19-05-2018;17.3;20.1;13.6;88.5;99.5;77.0;10.6;2.1;14.5;NO;6.56;1.04
20-05-2018;12.5;17.7;8.3;75.1;99.1;44.5;0.0;1.8;8.5;O;18.69;2.73
21-05-2018;14.1;21.7;7.5;61.1;86.6;35.6;0.0;1.2;4.6;SO;19.03;3.06
22-05-2018;16.9;24.4;10.7;54.0;74.0;29.0;0.0;1.7;6.5;SO;18.85;3.13
23-05-2018;18.1;26.9;11.7;55.1;85.1;26.8;0.0;1.7;5.2;S;18.03;3.08
24-05-2018;18.4;27.1;11.4;66.5;94.7;30.6;0.0;2.3;7.3;SE;17.93;2.98
25-05-2018;18.1;25.8;12.9;72.6;97.2;39.4;0.0;2.4;6.1;SE;16.25;2.66
26-05-2018;18.6;27.1;13.1;70.4;93.0;36.6;0.0;2.0;6.8;SE;17.13;2.89
27-05-2018;18.3;25.8;13.7;67.2;90.5;32.5;0.0;2.3;7.0;SE;17.50;2.90
28-05-2018;17.8;24.5;13.5;63.8;86.5;36.3;0.0;2.3;7.6;L;16.78;2.74
29-05-2018;17.5;24.9;12.7;62.1;80.9;36.0;0.0;2.1;7.1;L;15.48;2.54
30-05-2018;17.9;24.4;14.0;57.7;77.4;36.3;0.0;2.2;7.6;SE;14.66;2.42
31-05-2018;19.3;25.6;14.5;45.8;66.7;24.7;0.0;1.4;5.6;SE;17.61;3.15
01-06-2018;19.9;25.3;14.2;48.0;65.6;30.0;0.0;1.0;5.8;N;16.83;3.10
02-06-2018;21.2;26.7;15.4;54.1;64.1;41.7;0.0;0.9;5.5;N;13.86;2.62
03-06-2018;19.8;26.2;14.7;76.4;94.3;57.4;0.0;2.4;8.2;S;12.83;2.17
04-06-2018;16.6;22.9;12.4;80.6;95.3;58.5;0.0;2.9;7.6;S;11.67;1.77
05-06-2018;18.4;25.3;15.1;81.6;99.5;55.8;0.2;1.0;5.9;L;10.00;1.76
06-06-2018;18.8;23.9;15.5;89.1;99.5;63.6;0.6;0.4;3.7;NO;8.90;1.63
07-06-2018;19.8;24.5;16.1;81.2;98.6;62.0;0.0;1.9;7.3;NO;8.72;1.50
08-06-2018;15.5;19.7;12.8;83.1;99.5;60.8;0.0;1.0;6.1;SO;8.51;1.41
09-06-2018;19.3;25.8;13.4;70.1;88.4;48.4;0.0;1.5;5.8;L;16.14;2.84
10-06-2018;21.0;27.9;17.1;78.6;91.4;52.2;0.0;1.7;6.7;L;13.68;2.46
11-06-2018;21.9;28.0;17.5;73.7;93.0;50.4;0.0;1.7;6.1;NE;13.14;2.41
12-06-2018;22.0;27.7;16.9;70.8;90.9;49.4;0.0;1.5;7.0;N;12.57;2.33
13-06-2018;21.5;26.3;17.9;79.9;96.7;59.1;0.0;1.3;5.8;O;9.80;1.80
14-06-2018;19.7;25.7;14.8;85.9;99.5;62.3;0.0;2.3;6.5;S;12.16;2.05
15-06-2018;17.8;25.6;12.5;83.5;98.7;58.6;0.0;2.5;7.3;S;10.66;1.70
16-06-2018;15.6;21.5;12.7;88.8;99.5;69.9;0.0;3.1;7.4;S;10.48;1.51
17-06-2018;17.7;26.1;12.1;79.1;98.4;46.1;0.0;2.5;6.5;SE;14.07;2.25
18-06-2018;17.9;25.6;12.4;80.2;99.5;48.7;0.0;2.2;5.6;S;13.50;2.20
19-06-2018;18.5;25.5;14.4;74.8;97.7;45.1;0.0;2.2;7.4;L;15.73;2.62
20-06-2018;19.1;26.2;14.4;67.7;92.3;38.8;0.0;1.8;6.2;L;15.89;2.74
21-06-2018;20.0;26.2;15.2;59.9;80.3;36.6;0.0;1.6;7.3;SE;16.08;2.87
22-06-2018;20.3;26.1;15.2;56.1;72.6;36.6;0.0;1.3;4.1;S;8.85;1.61
23-06-2018;21.7;28.0;17.5;51.0;68.3;29.2;0.0;1.5;7.1;L;11.76;2.18
24-06-2018;21.9;28.8;17.8;53.0;69.9;27.4;0.0;1.1;5.5;NE;12.51;2.37
25-06-2018;23.0;27.6;18.1;40.8;54.4;25.2;0.0;1.4;5.8;L;14.47;2.42
26-06-2018;22.3;28.2;16.6;38.8;53.8;24.4;0.0;0.8;5.2;NE;16.48;3.19
27-06-2018;22.3;29.0;17.8;44.5;72.6;22.6;0.0;1.5;5.5;SE;15.56;2.92
28-06-2018;20.9;27.2;16.4;53.6;67.3;33.9;0.0;1.9;7.4;L;15.07;2.69
29-06-2018;19.6;26.7;14.6;56.1;75.9;31.6;0.0;1.6;6.1;L;15.07;2.66
30-06-2018;20.3;27.1;14.6;53.5;73.9;33.2;0.0;1.2;5.8;L;16.41;3.01
01-07-2018;21.0;27.5;15.6;51.7;73.7;30.8;0.0;1.3;5.3;SE;14.94;2.76
02-07-2018;21.9;28.2;17.3;48.5;65.7;29.7;0.0;1.3;6.5;SO;16.29;3.07
03-07-2018;22.3;28.6;15.9;49.0;90.3;29.3;0.0;1.3;5.2;S;14.82;2.81
04-07-2018;20.7;27.7;14.3;60.5;91.8;29.6;0.0;1.7;5.0;SE;15.26;2.74
05-07-2018;21.4;28.0;16.4;51.8;72.0;29.9;0.0;1.5;5.8;L;14.90;2.75
06-07-2018;20.9;27.4;16.2;52.1;68.6;30.3;0.0;1.3;5.3;L;16.46;3.04
07-07-2018;20.1;26.3;14.4;51.7;76.6;30.9;0.0;1.8;6.7;NE;16.30;2.89
08-07-2018;22.2;26.9;17.4;39.0;55.5;28.7;0.0;1.1;6.8;O;16.60;3.17
09-07-2018;21.3;27.0;14.9;50.1;81.4;32.5;0.0;1.9;8.6;O;16.10;2.90
10-07-2018;13.9;18.7;8.4;82.2;97.5;56.2;0.0;2.0;8.5;S;6.19;0.91
11-07-2018;11.6;19.0;6.6;70.1;94.2;33.4;0.0;3.4;8.9;S;17.86;2.29
13-07-2018;18.4;26.3;11.8;36.1;54.5;8.2;0.0;1.3;5.2;S;14.64;2.59
14-07-2018;21.0;28.2;15.1;36.3;49.8;23.8;0.0;1.5;5.8;S;17.28;3.18
15-07-2018;21.8;29.0;15.3;40.8;58.0;25.3;0.0;1.5;6.1;SE;17.29;3.23
16-07-2018;21.8;29.0;16.8;42.4;60.8;26.2;0.0;1.5;5.0;L;17.00;3.16
16-07-2018;12.8;13.8;11.9;54.1;56.9;48.8;0.0;2.0;3.5;S;14.68;2.60
17-07-2018;20.9;27.3;15.5;45.0;61.7;30.8;0.0;1.8;6.8;L;17.58;3.18
18-07-2018;21.0;27.9;15.2;53.5;74.5;34.8;0.0;1.5;6.7;L;17.07;3.12
19-07-2018;21.0;28.5;14.6;56.1;81.3;33.4;0.0;1.6;6.1;L;17.55;3.20
20-07-2018;21.6;28.4;16.3;54.0;72.7;34.2;0.0;1.7;7.3;N;17.83;3.27
21-07-2018;22.2;28.8;16.6;49.8;71.8;29.7;0.0;1.1;5.0;SO;16.45;3.13
22-07-2018;19.9;27.3;14.5;63.6;91.6;36.5;0.0;2.7;9.1;SE;15.57;2.62
23-07-2018;20.1;27.5;15.4;53.8;74.9;26.2;0.0;2.2;7.0;SE;17.47;3.03
24-07-2018;19.4;26.2;14.1;58.0;87.9;31.5;0.0;2.5;8.0;SE;17.46;2.94
25-07-2018;18.8;26.6;13.1;62.5;91.5;31.6;0.0;2.7;8.0;SE;16.74;2.75
26-07-2018;19.5;26.9;14.3;51.4;72.3;28.6;0.0;1.7;6.5;L;17.28;3.04
27-07-2018;20.5;27.7;14.7;47.0;69.1;27.5;0.0;1.5;6.2;L;17.86;3.24
28-07-2018;21.7;28.4;15.2;44.1;65.6;24.9;0.0;1.5;6.1;L;17.80;3.31
29-07-2018;22.2;29.8;15.9;43.3;66.8;24.5;0.0;1.6;7.4;N;16.67;3.12
30-07-2018;22.5;29.2;16.9;43.8;81.5;25.6;0.0;1.9;7.7;N;17.27;3.21
31-07-2018;17.9;23.8;13.7;81.7;98.8;51.2;0.0;2.1;6.8;S;11.75;1.80
01-08-2018;15.0;21.1;13.0;86.0;97.0;57.6;0.4;3.5;7.3;S;11.31;1.57
02-08-2018;17.5;25.0;12.7;82.6;99.5;53.1;0.6;2.0;5.6;SE;14.22;2.33
03-08-2018;14.9;17.4;13.4;94.5;99.5;86.4;41.6;3.1;9.8;SE;2.53;0.34
04-08-2018;16.8;23.5;13.4;88.6;99.6;50.3;2.2;1.0;4.7;S;13.47;2.30
05-08-2018;17.4;23.3;14.8;84.4;97.9;51.8;0.2;0.8;5.8;S;8.47;1.47
06-08-2018;14.2;16.1;12.8;97.6;99.6;88.5;21.6;2.4;7.7;S;2.55;0.34
07-08-2018;16.4;24.0;12.0;86.2;99.6;54.2;0.0;2.1;5.6;SE;15.66;2.48
08-08-2018;20.3;29.1;15.6;72.8;96.7;38.6;0.4;1.3;6.2;SE;16.88;3.06
09-08-2018;18.4;26.4;13.3;84.5;99.5;52.7;9.0;3.1;10.0;NO;16.01;2.52
10-08-2018;13.4;20.6;6.9;67.0;97.0;33.6;0.0;2.0;7.9;O;21.47;3.19
11-08-2018;14.7;22.1;6.7;56.7;91.6;28.9;0.0;1.2;4.7;SO;21.38;3.48
12-08-2018;16.1;23.6;10.8;58.2;85.6;35.8;0.0;3.2;8.6;S;21.36;3.18
13-08-2018;17.0;27.2;8.8;64.7;97.0;25.0;0.0;2.9;8.3;S;21.19;3.28
14-08-2018;20.5;29.2;13.8;49.2;74.1;17.5;0.0;2.2;6.2;SE;20.86;3.65
15-08-2018;20.3;29.1;13.7;53.4;87.3;19.8;0.0;3.0;9.5;S;18.11;3.05
16-08-2018;16.4;22.1;12.8;79.6;94.2;56.2;0.0;4.3;10.0;S;13.45;1.88
17-08-2018;17.6;25.6;13.2;78.1;96.2;47.8;0.0;3.3;7.1;SE;17.27;2.63
18-08-2018;18.5;26.5;12.8;70.1;96.7;37.1;0.0;2.5;8.5;L;19.95;3.27
19-08-2018;20.1;28.5;14.3;59.2;88.1;28.0;0.0;2.2;6.2;L;19.71;3.43
20-08-2018;21.7;29.0;16.2;46.4;68.8;24.5;0.0;1.8;7.4;L;20.81;3.81
21-08-2018;22.2;29.5;16.8;42.2;57.7;22.4;0.0;1.7;6.4;L;20.21;3.75
22-08-2018;20.9;28.3;16.6;48.7;74.1;27.3;0.0;1.7;7.1;SE;17.82;3.22
23-08-2018;22.2;29.6;15.4;49.7;74.9;28.1;0.0;1.5;6.2;SE;18.28;3.42
24-08-2018;21.2;30.6;17.0;59.2;85.5;28.2;0.0;2.5;8.5;L;13.93;2.44
25-08-2018;18.3;21.5;15.8;90.1;99.5;68.4;8.0;2.1;6.8;N;8.10;1.32
26-08-2018;17.1;23.6;10.6;86.5;99.5;53.2;0.0;2.6;7.9;S;14.13;2.21
27-08-2018;16.7;26.3;9.6;79.4;99.6;45.0;0.0;3.4;8.2;S;22.21;3.29
28-08-2018;19.9;28.3;14.5;65.8;90.8;36.2;0.0;2.9;8.9;L;21.36;3.55
29-08-2018;20.7;28.9;14.5;59.5;85.4;30.1;0.0;1.8;5.9;L;21.06;3.77
30-08-2018;21.3;28.4;14.8;55.6;82.9;29.8;0.0;1.9;7.0;L;18.90;3.41
31-08-2018;23.8;30.3;17.0;41.3;63.2;23.0;0.0;1.5;6.5;L;22.31;4.30
01-09-2018;24.5;32.2;17.8;40.5;61.2;22.3;0.0;1.7;6.4;L;21.04;4.08
02-09-2018;24.7;32.2;18.6;44.6;86.5;24.3;0.0;2.4;8.0;N;20.24;3.83
03-09-2018;15.1;19.5;10.4;95.6;99.5;85.3;0.8;1.9;8.3;O;7.46;1.13
04-09-2018;12.7;19.3;9.5;84.8;99.5;54.6;0.2;2.1;7.7;O;10.22;1.46
05-09-2018;14.4;21.4;9.6;69.9;94.6;37.4;0.0;4.2;9.4;SE;24.38;3.24
06-09-2018;17.8;26.9;9.4;56.4;93.2;21.1;0.0;3.3;8.5;SE;24.55;3.81
07-09-2018;22.1;31.5;14.9;44.8;74.6;17.2;0.0;2.6;6.8;SE;23.64;4.21
08-09-2018;22.8;31.3;16.1;43.1;67.4;20.7;0.0;2.3;7.1;SE;23.29;4.26
09-09-2018;22.3;31.0;14.5;47.2;81.9;18.6;0.0;2.3;7.4;SE;23.01;4.17
10-09-2018;21.3;30.0;13.0;53.6;87.3;20.7;0.2;2.4;6.1;S;22.42;3.95
11-09-2018;20.4;28.3;13.5;61.8;91.4;31.1;0.0;3.6;8.2;S;22.40;3.65
12-09-2018;20.6;29.9;13.6;63.5;87.8;31.0;0.0;3.7;9.2;SE;22.15;3.61
13-09-2018;22.2;31.1;16.2;60.6;85.0;29.5;0.0;3.2;8.6;L;21.66;3.75
14-09-2018;17.2;19.4;16.1;90.5;99.5;63.1;14.4;2.2;7.1;NE;3.21;0.49
15-09-2018;18.2;23.3;16.3;92.7;99.5;68.9;0.2;1.1;5.3;O;7.81;1.35
16-09-2018;19.4;26.9;14.3;78.1;99.6;48.7;0.0;2.5;6.8;S;20.62;3.44
17-09-2018;16.4;18.1;13.8;97.6;99.5;80.3;14.6;2.2;6.1;NE;3.77;0.56
18-09-2018;18.7;21.5;17.0;98.0;99.6;81.4;1.8;1.6;5.8;;5.73;0.95
19-09-2018;22.6;30.1;17.0;76.5;99.6;42.1;0.2;0.7;5.5;NE;21.04;4.12
20-09-2018;18.1;20.9;15.6;95.0;99.5;77.7;18.4;2.3;7.7;SE;6.44;1.02
21-09-2018;21.0;28.0;15.8;79.2;99.6;42.2;0.2;1.3;5.2;O;22.81;4.22
22-09-2018;23.2;30.3;17.6;57.2;87.0;27.1;0.0;2.3;6.7;S;25.62;4.70
23-09-2018;25.1;33.4;18.4;48.1;70.7;24.7;0.0;2.1;6.8;SE;25.42;4.88
24-09-2018;26.6;34.6;19.6;41.9;55.4;24.1;0.0;2.5;7.0;SE;24.81;4.82
25-09-2018;24.0;33.6;16.2;57.4;84.9;29.2;0.6;2.9;10.4;L;21.80;3.96
26-09-2018;23.4;32.5;19.3;66.1;94.7;33.2;3.0;2.3;11.8;L;17.28;3.18
27-09-2018;23.0;29.3;19.1;74.1;96.7;43.7;0.2;2.1;7.1;S;12.34;2.26
28-09-2018;21.7;28.3;18.5;82.7;99.4;52.4;0.0;2.2;7.3;S;11.98;2.12
29-09-2018;23.3;31.8;17.4;72.1;99.4;39.5;0.0;2.5;6.5;SE;22.61;4.12
30-09-2018;20.7;25.9;18.0;86.9;99.4;64.2;1.2;2.2;8.5;L;7.82;1.34
01-10-2018;22.7;29.2;18.2;76.9;99.5;46.8;0.0;1.5;7.3;N;18.53;3.48
02-10-2018;24.7;32.4;18.0;64.4;98.4;37.9;0.0;1.4;8.3;L;22.40;4.40
03-10-2018;25.1;32.8;18.8;63.5;96.1;38.1;1.4;1.7;7.6;O;20.98;4.08
04-10-2018;23.4;30.5;18.2;76.5;99.4;46.3;0.8;2.5;8.9;S;23.14;4.19
05-10-2018;21.1;29.8;15.1;77.0;97.7;50.0;0.0;3.9;10.1;S;23.76;3.83
06-10-2018;19.5;29.1;13.7;79.6;95.7;48.8;0.0;3.6;9.5;SE;21.14;3.33
07-10-2018;20.2;23.8;18.1;92.0;99.5;74.2;1.4;2.5;7.1;L;8.56;1.42
08-10-2018;20.3;24.3;18.1;96.9;99.5;79.4;26.6;1.6;12.5;L;8.34;1.46
09-10-2018;22.5;29.8;17.7;85.2;99.5;50.4;21.8;1.6;8.0;NO;20.47;3.80
10-10-2018;21.8;29.3;18.1;88.3;99.5;54.3;62.2;1.7;9.8;L;19.48;3.55
11-10-2018;20.7;25.4;18.0;91.6;99.5;69.5;0.0;4.6;9.2;S;17.52;2.67
12-10-2018;23.7;31.8;17.2;77.4;99.4;44.6;0.2;2.5;7.4;L;23.94;4.37
13-10-2018;24.7;30.2;20.7;72.4;88.6;49.5;0.2;1.3;7.9;N;16.15;3.17
14-10-2018;23.2;28.7;19.1;81.8;99.4;58.1;0.2;1.4;5.5;S;17.98;3.43
15-10-2018;21.7;28.6;18.1;88.2;99.5;60.0;19.2;1.7;7.0;S;15.24;2.77
16-10-2018;24.5;31.4;19.4;77.8;99.4;47.2;0.0;1.5;5.5;SE;21.94;4.25
17-10-2018;21.9;27.5;18.7;88.6;99.5;62.3;45.6;1.9;16.6;L;13.75;2.48
18-10-2018;23.3;31.0;17.5;79.7;99.5;49.2;81.8;1.9;10.1;L;25.52;4.77
19-10-2018;21.1;27.3;16.7;86.0;99.5;57.8;0.2;2.9;10.4;S;21.50;3.62
20-10-2018;18.9;25.7;13.2;69.5;94.8;43.4;0.0;5.3;13.0;S;28.50;4.08
21-10-2018;19.2;28.7;12.0;67.6;89.3;39.4;0.0;3.8;9.8;SE;27.31;4.25
22-10-2018;22.1;30.7;14.5;66.5;91.8;38.4;0.0;2.4;7.7;L;26.76;4.78
23-10-2018;24.4;31.6;18.3;61.9;82.1;37.1;0.0;1.6;6.8;L;24.57;4.76
24-10-2018;19.4;23.2;18.1;94.8;99.5;69.1;12.2;1.9;5.6;SE;5.73;0.95
25-10-2018;19.5;22.0;18.2;99.3;99.5;94.8;15.6;0.7;6.4;NE;6.14;1.11
26-10-2018;20.7;26.6;18.3;94.0;99.5;67.9;1.6;1.0;5.6;NO;15.48;2.88
27-10-2018;21.0;24.6;18.7;95.4;99.5;75.7;4.0;3.0;12.2;NO;12.81;2.12
28-10-2018;20.0;26.6;14.4;76.2;99.5;46.0;0.0;3.4;9.1;S;26.42;4.24
29-10-2018;19.6;28.2;12.8;67.8;92.8;36.1;0.0;3.1;8.6;S;25.40;4.14
30-10-2018;23.4;31.2;16.0;67.1;85.1;40.8;0.0;2.5;7.6;SE;25.66;4.67
31-10-2018;24.4;31.9;19.2;69.9;88.8;42.9;0.0;3.1;12.8;L;24.77;4.47
01-11-2018;22.9;30.0;18.1;75.6;99.4;44.6;0.0;2.5;7.1;NO;19.68;3.55
02-11-2018;24.4;31.6;20.3;71.7;90.1;46.1;0.0;2.5;6.1;S;21.77;4.03
03-11-2018;24.2;31.7;18.4;75.6;99.5;42.0;11.2;2.8;9.2;L;22.04;4.01
04-11-2018;21.3;28.1;16.7;84.8;99.5;55.0;4.8;3.0;9.4;SE;19.81;3.34
05-11-2018;20.3;25.4;15.5;81.8;97.3;62.4;0.0;3.8;8.9;SE;17.15;2.71
06-11-2018;22.1;29.3;16.4;80.3;99.5;52.7;0.0;3.0;9.1;L;23.07;3.98
07-11-2018;20.5;23.9;16.4;88.0;98.5;72.5;0.4;3.0;11.2;SE;8.27;1.36
08-11-2018;17.4;19.6;15.8;97.5;99.5;88.4;9.2;4.4;10.0;SE;8.35;1.15
09-11-2018;17.5;20.9;15.1;94.1;99.5;78.2;3.0;3.9;9.4;L;13.89;2.01
10-11-2018;19.3;26.0;16.7;96.3;99.6;68.1;15.8;2.5;7.0;L;14.62;2.40
11-11-2018;22.6;28.9;18.2;83.2;99.5;54.3;0.0;1.9;5.5;L;20.99;3.85
12-11-2018;24.7;31.9;19.8;72.9;98.3;40.6;6.0;2.1;7.6;L;26.66;5.04
13-11-2018;24.8;31.2;20.3;68.6;88.4;45.8;0.0;2.0;8.2;L;24.33;4.64
14-11-2018;23.4;31.0;19.7;79.2;99.5;48.9;36.8;2.0;8.3;NE;18.56;3.45
15-11-2018;24.5;31.7;19.1;79.5;99.5;45.7;12.2;1.6;9.5;NO;26.30;5.08
16-11-2018;24.2;32.0;19.2;79.9;99.5;49.1;0.0;3.3;9.7;SE;25.59;4.54
17-11-2018;23.2;28.4;19.0;77.2;90.5;59.7;0.0;3.7;9.1;L;20.27;3.46
18-11-2018;21.8;26.0;19.3;90.6;99.6;72.5;23.4;2.4;9.2;N;14.20;2.48
19-11-2018;18.7;21.2;15.3;99.2;99.6;94.4;13.4;3.8;10.6;SE;7.13;1.05
20-11-2018;18.9;25.0;15.0;89.4;99.6;69.6;0.2;4.0;8.6;SE;17.30;2.60
21-11-2018;19.8;24.4;15.5;89.4;99.5;69.5;6.4;2.9;6.8;SE;13.87;2.25
22-11-2018;20.7;26.3;16.6;88.2;99.6;65.2;12.0;2.7;7.6;L;20.35;3.42
23-11-2018;21.2;27.0;17.7;89.3;99.6;62.9;34.0;2.3;9.2;NE;18.51;3.23
24-11-2018;19.5;22.4;17.5;99.3;99.6;94.1;27.4;3.4;9.1;NE;7.69;1.18
25-11-2018;21.0;27.1;18.1;93.2;99.6;66.4;5.3;2.3;6.7;L;16.56;2.85
26-11-2018;21.3;27.7;17.3;84.0;99.6;56.5;0.0;3.5;8.6;SE;21.48;3.53
27-11-2018;22.0;29.9;15.2;71.5;94.4;38.0;13.2;3.4;10.3;SE;30.29;5.11
28-11-2018;23.5;30.1;18.6;66.8;86.6;40.6;0.0;2.6;8.2;L;28.40;5.14
29-11-2018;24.8;30.7;18.8;60.7;87.3;36.0;0.0;1.8;8.5;L;27.68;5.33
30-11-2018;24.4;31.1;20.2;69.5;99.5;40.3;0.6;2.2;13.3;NO;21.23;3.99
01-12-2018;21.1;24.3;19.7;98.2;99.5;83.0;23.4;1.9;7.6;NO;9.63;1.68
02-12-2018;22.1;27.9;18.0;84.8;99.6;60.0;33.4;2.3;9.1;S;19.60;3.48
03-12-2018;21.4;27.5;17.1;79.4;99.5;54.9;0.0;3.7;8.8;S;25.43;4.17
04-12-2018;23.7;29.8;17.3;66.0;94.2;40.7;0.0;1.5;5.5;O;25.95;5.00
05-12-2018;25.8;31.3;21.3;60.9;79.3;40.9;0.0;1.6;7.4;SO;24.13;4.78
06-12-2018;25.4;32.1;20.0;65.7;93.9;33.6;0.0;1.9;5.5;SE;27.66;5.37
07-12-2018;23.0;30.7;17.0;74.6;97.9;37.0;0.0;2.5;8.6;S;26.67;4.79
08-12-2018;18.8;25.0;14.3;73.4;95.6;49.0;0.0;5.6;11.3;S;31.65;4.41
09-12-2018;20.9;29.3;13.6;61.1;86.9;31.8;0.0;3.0;10.3;L;31.07;5.24
10-12-2018;22.6;29.2;16.7;65.8;94.1;42.9;0.0;2.0;7.0;L;23.34;4.28
11-12-2018;24.6;31.4;18.0;54.9;80.8;29.0;0.0;1.6;6.5;L;29.59;5.74
12-12-2018;25.9;33.1;19.8;50.7;66.4;27.8;0.0;1.5;6.7;L;25.68;5.13
13-12-2018;24.6;33.4;18.2;62.8;84.5;32.6;0.0;1.7;8.0;NE;28.53;5.51
14-12-2018;24.0;31.9;18.9;69.7;93.2;37.3;7.0;1.7;10.1;NE;25.74;4.92
15-12-2018;25.1;33.5;19.6;67.4;95.8;36.9;25.0;1.6;16.7;O;27.93;5.46
16-12-2018;25.2;33.1;19.5;69.0;90.0;37.2;0.0;2.6;6.7;L;28.78;5.40
17-12-2018;29.0;32.3;23.8;56.9;83.0;42.0;0.0;2.2;6.4;NO;22.12;3.83
18-12-2018;26.3;32.1;20.5;72.3;98.0;47.4;0.0;1.7;7.0;L;26.95;5.35
19-12-2018;24.5;30.2;19.8;74.3;94.1;51.9;0.0;1.7;7.0;L;26.95;4.09
20-12-2018;22.7;28.3;19.1;76.4;90.2;54.5;34.4;2.0;11.6;L;15.65;2.83
21-12-2018;26.1;31.7;22.0;65.8;83.7;45.5;0.0;1.2;8.2;O;22.94;4.63
22-12-2018;25.5;32.0;19.8;69.3;99.5;37.7;1.6;1.7;7.7;O;22.68;4.45
23-12-2018;22.9;29.3;19.2;87.1;99.5;56.4;2.4;1.7;5.3;SO;19.47;3.48
24-12-2018;22.4;28.5;19.3;88.4;99.5;55.8;31.6;2.1;7.0;S;14.71;2.65
25-12-2018;21.1;25.7;18.2;91.9;99.5;70.0;0.4;1.8;5.8;SE;13.17;2.34
26-12-2018;21.0;25.1;19.0;94.6;99.5;75.2;4.8;1.4;5.0;L;10.63;1.93
27-12-2018;21.9;28.6;18.9;89.6;99.5;60.6;16.0;1.5;7.7;L;20.23;3.74
28-12-2018;22.3;29.4;18.4;85.3;99.5;52.2;4.0;1.6;7.3;N;24.98;4.64
29-12-2018;23.1;29.1;17.8;84.9;99.5;56.8;2.0;1.2;8.0;NO;26.64;5.13
30-12-2018;23.5;31.0;19.3;84.4;99.5;49.2;0.6;1.4;6.8;NO;26.74;5.14
31-12-2018;25.2;32.2;20.0;68.1;92.7;33.2;0.0;1.5;5.2;S;29.23;5.74
01-01-2019;22.4;29.6;19.5;88.6;99.5;54.6;41.2;1.7;10.0;N;19.94;3.69
02-01-2019;24.4;29.8;19.8;81.6;99.4;54.7;0.0;1.4;7.0;N;27.18;5.31
03-01-2019;23.9;29.8;20.7;82.2;99.5;55.8;3.4;1.7;10.9;NO;19.91;3.79
04-01-2019;21.8;27.1;19.6;95.7;99.5;66.7;11.8;1.8;6.5;NE;11.44;2.06
05-01-2019;20.5;22.6;19.0;98.3;99.5;89.2;14.0;1.6;6.8;N;9.04;1.59
06-01-2019;21.7;26.6;19.1;92.2;99.5;69.4;7.6;1.3;6.1;N;16.25;3.02
07-01-2019;25.4;30.6;19.7;70.3;98.6;41.4;0.0;1.7;8.8;NE;28.86;5.64
08-01-2019;25.9;31.0;20.7;70.2;99.4;48.1;1.8;1.4;7.1;S;19.71;3.93
09-01-2019;26.2;32.5;20.7;63.9;79.5;44.3;0.0;2.4;8.6;L;28.75;5.53
10-01-2019;25.8;31.9;20.4;58.1;77.0;35.0;0.0;1.8;6.5;NE;28.00;5.50
11-01-2019;25.6;31.8;20.8;65.5;93.6;37.2;0.0;1.7;6.2;SE;26.43;5.20
12-01-2019;22.5;31.2;19.0;83.5;99.4;45.6;6.4;1.8;10.4;S;17.45;3.20
13-01-2019;24.7;31.1;19.3;71.3;96.7;41.1;0.0;2.0;5.6;S;27.91;5.33
14-01-2019;25.8;32.3;21.4;68.6;88.5;43.2;0.0;1.8;7.4;S;27.34;5.36
15-01-2019;24.7;30.9;18.2;73.1;99.5;43.3;23.4;1.9;7.0;N;26.53;5.08
16-01-2019;25.6;32.0;20.0;69.2;91.7;43.3;0.2;1.8;9.8;SE;22.13;4.32
17-01-2019;23.9;30.0;18.4;71.0;99.4;39.6;0.0;1.6;6.2;L;16.52;3.16
18-01-2019;25.1;30.8;20.2;74.7;94.5;50.0;0.0;2.2;8.2;SO;25.67;4.88
19-01-2019;25.2;31.5;19.3;73.1;99.4;44.9;0.0;1.7;5.9;NO;27.45;5.35
20-01-2019;25.2;32.0;19.7;74.2;96.0;44.8;1.8;1.9;7.9;SO;28.35;5.46
21-01-2019;26.0;32.0;20.5;72.9;99.5;48.4;0.6;1.1;6.4;N;24.93;5.07
22-01-2019;27.2;34.6;22.8;65.1;81.0;32.7;0.0;1.8;11.5;SE;25.59;5.12
23-01-2019;25.8;32.9;21.8;71.7;88.1;44.8;0.0;2.0;6.8;L;25.75;4.99
24-01-2019;23.5;30.5;18.9;75.4;93.8;51.0;0.0;2.3;8.3;L;18.20;3.33
25-01-2019;23.0;32.2;17.2;79.0;99.5;46.6;14.4;3.1;10.4;SE;20.47;3.57
26-01-2019;21.4;29.8;17.1;79.7;97.0;46.7;3.2;2.3;9.7;L;25.31;4.45
27-01-2019;22.2;28.1;17.4;78.2;96.8;53.4;0.0;2.4;10.4;NE;22.12;3.93
28-01-2019;26.1;32.8;20.5;58.6;86.4;25.1;0.0;2.4;7.9;SE;30.65;5.88
29-01-2019;27.5;34.1;22.3;53.7;69.0;29.6;0.0;2.0;6.8;SE;30.16;6.04
30-01-2019;27.4;33.7;22.4;53.3;71.1;34.0;0.0;2.0;6.7;SE;27.46;5.48
31-01-2019;27.3;33.3;21.2;53.7;76.2;35.9;0.0;1.6;6.2;S;27.89;5.66
01-02-2019;28.1;34.8;22.1;51.2;69.7;31.4;0.0;2.0;6.5;SE;29.36;5.93
02-02-2019;28.0;34.3;21.4;54.3;82.4;34.3;0.0;1.8;10.7;S;25.48;5.18
03-02-2019;26.2;34.0;17.8;65.7;99.5;34.1;38.4;2.8;10.4;S;27.84;5.27
04-02-2019;21.7;26.8;17.8;85.4;99.4;63.0;4.2;3.5;9.2;S;20.71;3.44
05-02-2019;21.5;27.5;16.1;78.9;94.8;56.5;0.0;3.3;8.2;S;20.47;3.43
06-02-2019;20.2;26.8;16.8;91.1;99.5;63.5;14.6;3.0;8.3;SE;13.97;2.28
07-02-2019;21.1;28.6;16.2;84.9;99.5;49.7;0.2;1.6;6.1;SE;20.80;3.78
08-02-2019;24.3;31.0;18.6;66.3;91.1;31.6;0.0;1.9;5.2;SE;27.96;5.32
09-02-2019;25.7;32.7;20.3;60.1;77.9;30.5;0.0;2.3;7.0;SE;28.04;5.36
10-02-2019;25.9;32.4;21.5;64.7;82.6;40.7;0.0;2.0;6.4;L;24.14;4.70
11-02-2019;25.1;31.2;20.7;78.2;99.5;50.4;6.6;1.7;7.1;N;24.51;4.75
12-02-2019;22.3;27.2;19.3;90.0;99.5;67.0;37.6;1.4;6.4;N;13.27;2.48
13-02-2019;20.9;24.2;18.3;92.4;99.5;78.1;7.0;4.1;8.9;SE;12.54;1.96
14-02-2019;21.8;28.7;17.0;82.2;99.0;58.9;0.0;2.9;7.4;SE;20.48;3.51
15-02-2019;21.3;24.9;19.4;93.6;99.5;73.6;12.6;2.6;7.1;N;9.32;1.58
16-02-2019;19.9;21.7;19.2;99.2;99.5;93.6;16.2;1.5;5.3;N;6.20;1.07
17-02-2019;21.0;24.5;18.9;94.2;99.5;75.0;0.4;1.0;4.1;N;11.18;2.08
18-02-2019;22.2;27.8;19.4;88.7;99.5;58.9;0.0;1.2;5.0;N;15.09;2.85
19-02-2019;22.3;28.7;19.5;85.7;99.4;54.3;1.4;2.0;6.5;NO;20.69;3.75
20-02-2019;21.7;27.3;18.5;87.8;99.5;62.4;4.8;1.3;6.4;NE;17.52;3.26
21-02-2019;21.6;27.5;18.3;90.8;99.5;66.4;16.2;2.2;10.0;NE;16.90;2.99
22-02-2019;21.4;28.6;18.1;92.6;99.5;61.6;2.4;1.3;7.6;NE;15.10;2.79
23-02-2019;24.3;31.2;19.4;75.3;94.6;52.3;0.2;1.4;6.5;SO;23.29;4.53
24-02-2019;24.0;31.6;19.4;77.1;95.4;47.4;7.6;1.4;10.1;O;17.16;3.31
25-02-2019;24.0;30.7;19.4;80.0;99.4;53.4;3.8;1.5;6.2;NO;21.74;4.19
26-02-2019;21.6;27.2;17.2;91.6;99.5;63.1;30.6;1.3;13.9;O;12.03;2.23
27-02-2019;20.8;26.8;18.0;94.7;99.5;67.6;17.0;1.9;7.3;NE;16.60;2.92
28-02-2019;20.4;24.3;19.4;97.9;99.5;82.0;42.4;1.4;7.1;N;9.64;1.72
01-03-2019;20.7;25.6;19.1;95.8;99.5;71.1;8.4;1.1;5.2;NE;9.50;1.74
02-03-2019;20.7;24.9;19.4;97.8;99.5;80.0;14.2;1.8;6.2;N;10.34;1.81
03-03-2019;22.0;27.7;19.1;90.8;99.5;59.3;1.0;1.6;6.7;NE;20.55;3.79
04-03-2019;21.6;26.4;17.6;86.0;99.5;61.5;0.0;2.6;8.6;NE;20.72;3.60
05-03-2019;22.1;29.3;18.5;86.6;99.5;52.4;10.4;1.1;6.7;NE;21.57;4.10
06-03-2019;23.6;30.8;19.5;79.8;98.1;44.2;0.0;1.2;7.9;L;24.86;4.83
07-03-2019;22.1;28.7;19.6;90.0;99.5;60.1;11.2;1.9;7.6;NE;15.91;2.88
08-03-2019;24.6;31.1;19.1;76.0;99.5;44.8;0.0;1.1;4.4;S;23.95;4.77
09-03-2019;25.6;32.3;21.5;73.9;90.3;43.3;0.8;1.6;8.3;S;20.01;3.94
10-03-2019;22.8;31.4;18.7;85.5;99.5;52.8;21.8;2.7;11.8;SE;16.17;2.85
11-03-2019;22.2;28.1;19.6;87.0;99.4;54.7;0.2;3.2;7.7;SE;14.89;2.52
12-03-2019;23.3;30.2;18.6;78.6;96.2;50.2;0.0;1.3;6.4;NE;22.63;4.36
13-03-2019;23.0;29.3;19.4;86.5;99.5;59.0;6.2;1.6;6.4;N;20.48;3.85
14-03-2019;21.8;28.2;18.6;92.9;99.5;67.3;17.6;1.3;9.2;NE;16.24;3.03
15-03-2019;22.9;29.1;18.9;85.2;99.5;51.2;0.0;1.2;7.3;S;20.27;3.88
16-03-2019;22.8;29.4;19.8;87.8;99.5;56.3;2.4;1.5;5.3;SE;18.21;3.42
17-03-2019;23.1;29.3;19.1;88.8;99.5;56.3;7.8;1.5;6.5;SE;18.92;3.57
18-03-2019;23.1;29.1;20.2;91.4;99.5;63.5;2.2;1.2;7.4;NO;16.41;3.15
19-03-2019;24.3;29.4;20.1;81.7;99.5;53.7;0.0;1.1;6.8;O;25.01;4.93
20-03-2019;23.2;29.0;19.9;88.1;99.5;59.3;19.4;2.1;8.0;S;16.47;3.02
21-03-2019;19.7;23.7;16.8;92.8;99.5;76.2;18.6;4.4;10.3;S;15.44;2.30
22-03-2019;19.9;25.1;15.5;86.1;98.4;63.7;0.0;2.7;7.1;SE;13.87;2.29
23-03-2019;21.9;28.7;16.7;79.1;99.5;50.6;0.0;1.8;6.4;L;23.87;4.36
24-03-2019;22.9;29.7;18.5;77.2;96.5;48.7;0.0;1.7;6.4;S;18.71;3.49
25-03-2019;24.4;30.4;19.1;69.1;89.3;42.3;0.0;2.0;5.9;L;25.10;4.75
26-03-2019;25.1;31.5;20.3;63.4;89.2;38.4;0.0;1.9;6.5;SE;22.65;4.38
27-03-2019;23.2;30.5;18.9;76.7;96.5;45.7;0.0;2.8;7.6;SE;19.08;3.39
28-03-2019;22.2;29.4;17.5;78.9;98.1;48.7;0.0;2.9;8.6;SE;21.05;3.66
29-03-2019;21.3;27.2;16.5;77.7;96.1;55.4;0.0;3.1;7.7;S;22.65;3.82
30-03-2019;21.6;28.7;16.1;73.8;96.6;39.3;0.0;2.4;7.1;SE;21.70;3.82
31-03-2019;22.4;30.5;16.9;71.1;96.3;39.7;0.0;2.0;5.9;SE;21.96;4.01
01-04-2019;22.7;29.4;18.4;69.9;90.3;42.7;0.0;2.1;6.4;S;17.87;3.26
02-04-2019;23.1;30.4;17.1;70.4;93.8;42.6;0.0;2.1;6.2;S;23.07;4.26
03-04-2019;24.7;31.1;20.2;54.0;76.1;29.2;0.0;1.6;5.8;S;20.56;4.01
04-04-2019;25.7;31.0;21.3;56.0;69.8;40.0;0.0;1.5;7.3;SO;21.65;4.30
05-04-2019;24.0;28.5;21.1;79.1;97.2;59.5;8.4;1.5;7.9;NO;14.88;2.86
06-04-2019;24.0;30.7;20.0;84.4;99.5;56.1;55.1;1.4;12.1;NE;19.23;3.71
07-04-2019;22.8;28.0;18.9;91.7;99.5;67.9;23.9;1.0;7.3;NE;14.15;2.72
08-04-2019;19.5;21.3;18.3;99.1;99.5;93.5;40.9;2.6;8.6;N;7.19;1.16
09-04-2019;19.8;24.2;17.5;91.5;99.5;72.6;0.0;3.4;9.1;S;13.94;2.20
10-04-2019;20.3;26.8;17.1;85.9;99.5;60.1;0.3;3.7;8.5;S;21.70;3.44
11-04-2019;21.9;29.0;16.3;80.3;99.5;49.6;0.3;2.3;6.7;SE;21.39;3.80
12-04-2019;23.3;29.9;18.4;71.5;97.0;37.3;0.0;1.9;6.4;S;20.96;3.91
13-04-2019;22.4;29.0;18.8;80.2;99.5;57.3;26.9;2.0;9.5;SE;12.72;2.31
14-04-2019;19.4;22.4;18.5;99.0;99.5;87.2;35.1;2.3;5.6;SE;7.04;1.15
15-04-2019;22.3;29.5;17.9;87.3;99.5;56.1;0.2;2.1;5.6;SE;18.29;3.29
16-04-2019;23.0;27.9;19.9;87.3;99.5;63.9;0.2;2.1;6.7;NE;17.35;3.17
17-04-2019;22.4;27.9;18.5;83.6;99.5;50.7;0.2;1.3;5.9;NO;17.93;3.38
18-04-2019;21.9;27.3;17.5;61.7;88.1;35.5;0.0;1.4;7.6;SO;22.48;4.19
19-04-2019;21.3;27.7;16.3;63.3;82.8;35.8;0.0;1.8;5.5;S;22.29;4.03
20-04-2019;22.2;29.4;17.3;59.8;75.2;35.2;0.0;1.4;5.6;SE;21.75;4.08
21-04-2019;23.6;30.1;18.4;56.0;75.6;35.1;0.0;1.6;6.5;SE;20.98;4.01
22-04-2019;23.7;29.8;19.2;63.4;84.8;38.0;0.0;1.8;6.2;SE;19.54;3.70
23-04-2019;22.7;29.4;19.3;80.0;97.8;52.3;0.0;2.0;5.5;SE;13.43;2.46
24-04-2019;23.4;30.0;18.6;80.5;99.4;49.8;0.0;2.2;7.0;SE;18.19;3.34
25-04-2019;24.1;29.9;19.7;75.0;95.0;48.0;0.0;1.7;6.5;L;19.06;3.63
26-04-2019;24.1;30.5;20.1;74.4;93.0;46.1;0.0;1.6;5.6;SE;19.65;3.78
27-04-2019;24.1;29.1;19.2;72.8;98.5;49.6;0.0;1.7;6.7;N;19.27;3.68
28-04-2019;22.9;28.8;19.1;77.6;99.4;51.8;24.8;1.8;13.9;NO;17.85;3.31
29-04-2019;20.8;25.8;17.6;83.5;99.4;52.4;0.2;1.0;7.6;SO;16.78;3.12
30-04-2019;21.1;27.5;16.7;72.9;93.0;41.5;0.0;1.6;5.8;S;20.15;3.66
01-05-2019;22.0;27.2;17.7;66.9;82.6;44.6;0.0;0.7;6.2;SE;14.14;2.73
02-05-2019;22.2;27.8;19.2;72.1;92.0;47.9;0.2;1.0;4.7;SE;11.08;2.11
03-05-2019;23.5;29.0;19.1;74.3;88.6;52.8;0.0;1.2;5.0;L;16.73;3.24
04-05-2019;23.5;29.8;19.5;79.9;99.0;48.0;0.0;1.2;5.3;SE;15.63;3.02
05-05-2019;23.2;29.0;18.8;76.3;88.9;52.2;0.0;1.8;8.0;L;18.10;3.38
06-05-2019;23.8;28.8;19.2;74.2;92.3;54.9;0.0;0.9;5.9;N;17.93;3.54
07-05-2019;22.0;28.7;18.6;82.6;99.4;53.1;1.4;1.9;7.4;S;12.65;2.29
08-05-2019;20.6;27.3;16.4;84.6;99.4;57.9;0.0;3.1;7.4;S;16.44;2.72
09-05-2019;20.7;28.0;15.8;85.6;99.4;56.7;15.0;2.2;7.4;L;17.05;2.96
10-05-2019;21.5;26.8;17.7;89.1;99.5;67.2;0.2;1.4;4.9;NE;15.39;2.84
11-05-2019;22.2;26.7;18.8;87.3;98.9;68.1;0.0;1.3;5.2;L;12.07;2.26
12-05-2019;23.3;28.9;20.5;82.8;94.0;57.0;0.4;1.0;4.6;L;15.83;3.09
13-05-2019;22.9;29.5;18.5;80.9;99.4;47.0;0.0;1.7;4.7;S;16.20;3.03
14-05-2019;22.1;27.0;17.1;80.8;97.0;62.3;0.0;1.2;6.2;SO;15.64;2.94
15-05-2019;18.2;22.9;15.2;85.8;99.5;62.0;0.0;3.2;8.3;S;13.39;2.07
16-05-2019;18.5;24.3;15.0;84.8;99.2;57.0;0.0;3.9;9.8;S;14.14;2.12
17-05-2019;17.5;23.1;15.2;92.5;99.5;62.4;12.2;2.6;6.5;S;8.07;1.25
18-05-2019;17.8;23.9;15.6;92.7;99.5;64.1;0.6;1.8;5.8;SE;10.81;1.79
19-05-2019;18.4;24.3;15.1;84.7;99.5;53.9;0.0;1.2;5.5;NO;15.81;2.77
20-05-2019;19.2;24.5;14.6;76.8;99.5;41.1;0.4;1.1;5.2;SO;18.62;3.36
21-05-2019;20.1;25.1;15.5;63.1;87.4;39.6;0.0;1.5;6.2;SO;17.90;3.20
22-05-2019;21.5;27.8;17.3;51.7;67.0;33.4;0.0;0.4;4.6;S;17.98;3.51
23-05-2019;21.4;26.5;15.9;54.7;72.1;38.1;0.0;0.5;4.7;N;16.04;3.10
24-05-2019;17.9;21.9;12.5;81.9;99.5;55.2;0.0;2.2;9.4;NO;6.53;1.05
25-05-2019;13.5;20.7;7.4;79.5;99.2;47.5;0.2;1.0;5.5;SO;17.97;2.87
26-05-2019;17.1;24.2;11.4;61.7;91.6;35.7;0.0;1.7;7.3;SE;18.73;3.12
27-05-2019;19.8;27.1;13.2;50.0;72.0;28.1;0.0;1.3;5.6;SE;18.09;3.26
28-05-2019;21.0;27.1;15.1;64.7;80.1;47.5;0.0;1.6;6.5;NE;15.77;2.87
29-05-2019;22.2;27.6;16.6;73.4;98.2;53.1;0.4;1.6;6.4;S;15.94;2.96
30-05-2019;23.1;28.7;19.1;69.4;87.4;46.8;0.0;1.7;7.7;NE;16.27;3.05
31-05-2019;22.3;28.0;18.2;64.2;81.8;44.8;0.0;2.0;8.9;NO;14.55;2.65
01-06-2019;22.7;27.2;19.3;64.5;75.4;51.4;0.0;1.5;6.8;O;14.49;2.73
02-06-2019;21.0;26.9;16.7;75.8;94.7;51.3;0.0;1.3;7.4;S;11.72;2.15
03-06-2019;16.9;19.9;15.8;95.1;99.5;81.2;8.2;1.5;6.8;SO;4.37;0.70
04-06-2019;15.0;19.0;10.4;85.4;99.5;58.8;0.0;2.9;7.4;S;12.87;1.86
05-06-2019;14.6;21.5;9.5;74.3;95.8;36.0;0.0;3.3;7.9;SE;17.99;2.53
06-06-2019;16.1;22.6;11.3;69.5;91.8;36.1;0.0;2.7;10.9;L;17.72;2.70
07-06-2019;17.8;24.3;12.2;62.7;83.8;40.8;0.0;1.7;5.9;L;17.36;2.92
08-06-2019;18.6;24.4;14.0;58.5;76.8;39.7;0.0;1.3;7.6;S;15.75;2.77
09-06-2019;17.5;23.0;13.1;67.7;86.0;45.6;0.0;2.8;7.6;SE;17.34;2.73
10-06-2019;17.5;23.5;12.8;67.2;84.5;44.2;0.0;3.1;11.8;L;17.22;2.67
11-06-2019;19.3;26.3;14.6;60.5;74.7;38.6;0.0;1.8;6.1;L;16.88;2.93
12-06-2019;20.1;26.0;15.4;65.6;85.8;39.8;0.0;1.8;6.4;L;16.21;2.86
13-06-2019;21.3;27.1;16.6;68.2;87.5;39.8;0.0;1.9;6.4;L;16.31;2.93
14-06-2019;21.4;27.6;17.0;62.3;86.6;34.5;0.0;1.7;6.5;L;16.96;3.09
15-06-2019;21.1;26.6;16.6;55.1;68.0;34.6;0.0;1.7;6.5;SE;16.96;3.08
16-06-2019;21.1;26.4;17.6;57.7;70.9;40.3;0.0;1.5;4.7;SE;14.69;2.69
17-06-2019;19.4;25.2;15.8;63.3;80.3;40.6;0.0;1.7;4.9;SE;12.42;2.17
18-06-2019;19.3;25.0;13.8;63.5;86.2;41.4;0.0;1.8;6.7;L;15.99;2.78
19-06-2019;20.4;25.9;16.7;60.6;78.1;39.6;0.0;1.2;6.5;SO;13.39;2.46
20-06-2019;20.3;25.6;16.1;63.5;89.7;44.4;0.0;2.4;6.5;S;16.31;2.81
21-06-2019;19.1;25.1;14.7;72.1;95.1;42.2;0.0;3.0;7.1;SE;15.95;2.58
22-06-2019;18.8;24.6;14.8;72.1;91.2;46.0;0.0;2.0;6.4;L;15.31;2.58
23-06-2019;19.3;24.2;15.5;61.7;76.2;43.0;0.0;1.4;6.1;L;16.05;2.85
24-06-2019;19.4;24.8;14.4;61.2;81.5;42.1;0.0;1.3;8.5;N;16.93;3.04
25-06-2019;20.5;26.6;14.0;60.3;85.2;37.8;0.0;1.5;8.8;N;15.10;2.73
26-06-2019;21.7;27.5;17.4;56.0;78.2;34.0;0.0;2.1;9.8;NO;15.61;2.82
27-06-2019;20.7;27.2;15.6;67.3;86.8;42.0;0.0;1.6;6.4;S;14.80;2.68
28-06-2019;21.7;27.7;17.2;61.0;76.0;38.6;0.0;2.3;6.8;L;16.00;2.85
29-06-2019;20.9;27.5;15.8;60.5;79.2;34.3;0.0;1.6;6.8;L;16.61;3.01
30-06-2019;21.0;26.9;16.0;63.9;85.6;42.0;0.0;1.6;7.4;N;16.73;3.03
01-07-2019;21.5;26.4;16.4;57.3;78.4;41.6;0.0;1.1;6.4;NO;15.81;2.97
02-07-2019;21.0;25.7;16.7;53.4;62.5;40.9;0.0;1.1;7.3;N;14.32;2.67
03-07-2019;21.5;27.7;17.8;53.3;64.4;32.6;0.0;1.9;8.6;NO;14.92;2.71
04-07-2019;19.4;25.0;16.4;73.9;99.5;50.7;5.4;2.9;10.6;N;10.82;1.77
05-07-2019;14.9;18.6;9.6;99.3;99.6;93.6;27.2;1.8;7.0;O;5.93;0.89
06-07-2019;6.9;7.3;6.1;70.0;77.7;65.4;0.0;2.5;4.1;S;-0.01;-0.00
07-07-2019;10.3;17.8;5.2;67.7;93.8;37.3;0.0;3.9;9.4;S;18.51;2.21
08-07-2019;13.5;21.2;7.0;62.5;88.7;33.4;0.0;3.4;10.0;L;18.19;2.49
09-07-2019;16.4;23.6;10.8;55.0;75.3;31.4;0.0;2.5;7.0;L;17.86;2.80
10-07-2019;17.6;24.7;11.6;53.1;72.8;32.1;0.0;2.1;5.3;SE;17.62;2.91
11-07-2019;18.4;24.5;13.6;49.5;65.7;33.5;0.0;1.5;5.0;SE;17.27;3.00
12-07-2019;19.1;25.8;12.4;46.5;64.0;29.9;0.0;2.0;5.9;S;17.40;2.99
13-07-2019;21.3;27.1;16.5;45.5;59.5;31.0;0.0;1.5;6.1;S;16.15;2.98
14-07-2019;22.1;27.8;16.6;40.3;60.7;21.2;0.0;1.8;7.6;SO;17.34;3.21
15-07-2019;21.7;28.0;15.5;46.9;89.1;26.9;0.4;1.9;7.9;SO;15.15;2.77
16-07-2019;16.2;21.8;9.1;82.3;99.5;54.1;0.6;2.1;7.4;S;15.12;2.38
17-07-2019;12.6;19.8;7.2;65.0;95.8;32.8;0.0;4.5;10.7;SE;18.03;2.25
18-07-2019;15.1;22.4;9.1;62.8;87.7;35.9;0.0;3.1;9.2;L;16.18;2.37
19-07-2019;16.5;23.2;11.7;63.4;78.5;44.1;0.0;3.4;8.8;L;16.78;2.50
20-07-2019;17.0;23.3;12.4;60.8;79.5;37.0;0.0;2.6;8.2;L;17.95;2.83
21-07-2019;17.3;24.0;12.4;64.5;79.9;41.5;0.0;2.5;7.9;L;17.29;2.75
22-07-2019;17.9;22.1;13.8;68.8;81.6;53.3;0.0;2.8;7.6;L;11.25;1.79
23-07-2019;19.4;26.2;13.9;62.1;84.3;37.7;0.0;1.9;5.9;L;17.72;3.06
24-07-2019;20.7;27.9;15.8;58.4;76.8;36.1;0.0;1.8;5.6;SE;18.02;3.24
25-07-2019;21.3;27.7;17.3;55.8;69.8;34.8;0.0;2.4;6.8;L;16.07;2.83
26-07-2019;20.7;27.8;16.1;52.9;72.0;28.8;0.0;2.4;8.5;L;17.75;3.10
27-07-2019;20.2;27.5;14.9;50.7;70.2;28.8;0.0;2.2;6.1;L;17.74;3.09
28-07-2019;19.7;25.7;14.1;53.1;91.8;25.9;0.0;2.6;7.6;SE;18.50;3.13
29-07-2019;19.2;25.4;13.8;61.1;94.5;34.9;0.0;2.4;8.3;L;16.02;2.69
30-07-2019;19.9;26.4;14.8;56.0;81.2;32.7;0.0;2.0;7.1;L;16.62;2.91
31-07-2019;19.3;26.7;12.7;58.7;91.1;20.3;0.0;1.7;5.8;SE;18.68;3.27
01-08-2019;21.8;28.6;14.6;43.4;62.0;26.4;0.0;2.1;8.0;L;18.29;3.31
02-08-2019;22.6;29.8;15.4;47.3;98.1;24.2;2.3;2.1;9.1;N;16.38;3.01
03-08-2019;12.9;15.5;11.2;94.7;99.6;84.3;4.8;3.4;8.8;S;6.64;0.85
04-08-2019;10.5;11.5;9.8;98.6;99.6;94.7;17.3;4.7;10.4;S;2.08;0.21
05-08-2019;13.2;16.3;10.1;90.2;99.6;81.2;0.4;3.9;10.4;L;6.33;0.80
06-08-2019;17.3;23.5;12.8;78.5;94.0;55.7;0.0;2.7;8.0;L;15.04;2.35
07-08-2019;19.5;26.7;14.9;73.5;91.8;46.0;0.0;2.3;8.0;L;18.17;3.07
08-08-2019;21.4;28.3;16.2;60.9;79.8;36.0;0.0;1.5;6.2;L;19.53;3.61
09-08-2019;22.9;28.3;17.8;51.3;68.9;34.7;0.0;1.8;6.4;SE;19.62;3.67
10-08-2019;23.4;29.6;18.9;45.1;66.5;20.2;0.0;1.5;6.7;NO;19.19;3.68
11-08-2019;24.4;30.1;19.9;38.7;53.5;23.5;0.0;2.1;6.4;SE;19.23;3.67
12-08-2019;24.1;30.0;18.0;44.9;63.0;30.7;0.0;2.1;7.9;L;18.61;3.52
13-08-2019;23.0;30.7;13.6;54.6;94.1;29.2;0.0;2.6;10.9;SE;17.06;3.09
14-08-2019;14.7;22.0;9.9;80.5;94.9;52.9;0.0;6.5;12.7;S;17.63;2.08
15-08-2019;16.8;24.4;9.8;66.1;90.6;39.9;0.0;3.8;9.1;SE;20.51;3.00
16-08-2019;18.5;26.2;12.2;55.9;81.0;30.3;0.0;2.2;11.6;L;20.88;3.50
17-08-2019;20.1;26.8;14.0;51.5;73.1;30.1;0.0;2.1;8.5;L;20.66;3.60
18-08-2019;22.0;28.8;14.9;46.2;70.3;25.9;0.0;1.8;7.3;N;19.14;3.54
19-08-2019;19.8;25.0;14.3;66.9;98.3;41.5;0.0;2.5;7.3;S;12.04;2.03
20-08-2019;17.7;25.0;13.5;84.8;99.5;55.6;2.6;3.2;8.5;S;15.21;2.33
21-08-2019;18.3;27.4;12.8;78.3;99.5;36.9;0.0;3.1;9.5;S;19.97;3.15
22-08-2019;17.1;26.0;11.6;74.6;99.1;39.4;0.0;4.0;9.1;S;21.33;3.10
23-08-2019;16.1;24.0;11.2;73.9;97.7;36.6;0.0;2.7;8.0;S;16.71;2.55
24-08-2019;16.3;24.0;10.1;67.5;96.4;32.7;0.0;3.3;8.5;S;22.21;3.30
25-08-2019;17.9;27.0;11.0;64.8;93.8;25.6;0.0;3.7;8.2;SE;22.36;3.39
26-08-2019;20.0;28.1;14.4;56.0;83.6;29.2;0.0;3.1;8.9;L;21.80;3.61
27-08-2019;21.1;27.4;16.1;53.2;80.6;29.4;0.0;2.6;8.0;SE;17.26;3.01
28-08-2019;19.7;27.1;13.9;64.6;96.8;33.3;0.0;2.9;8.5;SE;18.36;3.04
29-08-2019;20.7;28.8;14.0;52.2;76.3;25.8;0.0;2.2;8.0;L;21.97;3.86
30-08-2019;23.2;30.5;15.5;45.9;69.4;26.9;0.0;1.8;6.8;L;20.99;3.96
31-08-2019;24.4;31.5;18.2;46.5;86.6;25.0;2.2;2.0;9.2;L;17.78;3.39
01-09-2019;19.2;28.7;16.2;84.5;99.5;41.2;21.2;3.3;17.3;S;14.15;2.24
02-09-2019;20.4;26.9;15.4;84.2;99.5;58.6;2.4;1.3;6.4;NO;18.57;3.37
03-09-2019;20.8;25.6;18.0;85.0;99.4;55.2;8.8;1.7;10.1;SE;6.93;1.22
04-09-2019;21.4;28.8;15.6;79.3;99.3;43.1;5.2;2.4;12.2;;12.34;2.15
05-09-2019;17.4;25.9;13.4;83.9;99.5;53.9;0.0;6.0;12.1;S;20.06;2.63
06-09-2019;20.7;28.6;14.0;72.8;92.3;44.0;0.0;4.2;9.4;L;21.43;3.39
07-09-2019;23.5;31.1;17.3;63.7;88.0;37.5;0.0;2.4;8.3;L;22.06;4.04
08-09-2019;25.6;32.7;20.1;52.3;72.6;29.1;0.0;1.7;7.3;L;21.71;4.26
09-09-2019;25.1;31.7;18.9;45.7;71.7;26.6;0.0;2.3;7.3;L;22.72;4.33
10-09-2019;26.4;33.6;20.1;40.8;54.1;26.9;0.0;2.0;6.2;L;22.33;4.40
11-09-2019;28.5;34.5;21.2;33.6;57.0;19.7;0.0;1.7;6.5;L;22.18;4.57
12-09-2019;29.0;35.5;23.2;28.3;46.6;15.7;0.0;1.6;7.4;NE;22.31;4.66
13-09-2019;24.8;33.6;17.0;55.8;85.5;20.5;0.0;3.8;10.6;S;21.95;3.92
14-09-2019;23.7;33.0;15.9;61.8;90.5;27.3;0.0;3.6;10.4;SE;20.99;3.68
15-09-2019;26.1;32.9;20.5;50.0;72.9;25.9;0.0;2.8;8.3;L;21.03;4.00
16-09-2019;26.6;33.4;20.1;42.5;65.5;23.1;0.0;2.0;7.6;L;22.12;4.37
17-09-2019;27.4;33.8;21.5;34.5;50.1;19.0;0.0;1.5;6.7;NE;22.84;4.67
18-09-2019;30.3;34.5;25.7;25.8;34.9;16.4;0.0;2.2;9.7;NO;14.89;2.59
19-09-2019;27.0;33.8;20.0;38.0;57.3;23.8;0.0;1.8;8.8;N;16.71;3.30
20-09-2019;24.4;31.1;20.0;55.1;74.5;32.0;0.0;2.2;8.3;SO;12.63;2.39
21-09-2019;22.8;31.9;16.5;72.2;97.9;38.6;0.2;3.1;9.8;S;17.98;3.15
22-09-2019;19.4;27.9;14.5;78.1;97.8;50.3;0.0;6.1;15.5;S;22.10;3.07
23-09-2019;17.8;26.4;12.4;67.7;87.4;41.0;0.0;5.9;14.9;SE;24.71;3.33
24-09-2019;20.8;29.3;14.5;63.2;80.7;39.6;0.0;3.3;9.4;L;19.32;3.22
25-09-2019;16.9;19.1;15.3;96.8;99.5;77.0;17.2;2.3;9.1;L;1.99;0.30
26-09-2019;16.6;18.3;15.0;99.4;99.6;95.8;6.8;0.8;3.8;NE;5.45;0.91
27-09-2019;18.5;24.5;13.7;78.1;99.6;43.3;0.2;2.5;9.8;S;26.18;4.28
28-09-2019;19.1;28.4;12.6;73.1;99.5;37.7;0.0;3.9;9.8;SE;23.44;3.61
29-09-2019;20.9;29.3;13.6;60.1;93.7;29.3;0.0;3.0;7.9;SE;25.75;4.36
30-09-2019;23.2;30.5;15.6;49.7;74.5;28.9;0.0;2.9;8.2;L;26.02;4.64
01-10-2019;25.3;33.7;18.4;48.8;72.1;23.5;0.0;2.6;7.9;L;26.01;4.92
02-10-2019;27.0;34.5;19.8;44.4;69.5;24.0;0.0;2.0;6.7;SE;25.33;5.05
03-10-2019;26.2;32.2;16.9;37.0;62.9;13.4;0.0;3.4;9.5;S;26.00;4.86
04-10-2019;23.9;33.2;14.9;45.6;81.2;15.4;0.0;3.2;9.4;SE;26.61;4.78
05-10-2019;26.1;33.5;19.7;40.8;60.9;19.7;0.0;2.4;8.0;L;26.11;5.04
06-10-2019;23.7;32.6;16.7;64.6;99.5;33.3;15.0;3.1;10.7;L;21.71;3.88
07-10-2019;21.1;28.8;16.0;81.0;99.5;47.9;0.0;3.7;9.5;S;21.16;3.44
08-10-2019;20.1;25.0;16.9;88.9;99.5;67.3;11.6;2.7;7.0;SE;11.28;1.87
09-10-2019;20.7;27.3;16.9;87.6;99.6;54.2;2.6;2.8;6.7;SE;13.74;2.30
10-10-2019;21.5;28.7;16.5;79.7;99.4;49.9;0.0;3.0;8.8;L;20.55;3.50
11-10-2019;23.8;31.3;17.5;65.9;94.6;35.4;0.0;2.4;8.2;L;27.21;5.03
12-10-2019;26.4;33.5;20.0;52.6;78.6;26.2;0.0;1.5;6.1;L;25.84;5.20
13-10-2019;27.4;34.3;21.9;45.8;64.7;24.8;0.0;1.6;6.1;L;25.09;5.11
14-10-2019;27.3;34.6;21.0;42.9;70.4;25.0;0.0;1.8;9.2;SE;23.24;4.68
15-10-2019;22.3;30.7;17.5;71.3;94.9;34.9;0.0;5.2;11.6;S;16.75;2.66
16-10-2019;23.7;32.2;16.8;65.7;98.0;33.9;0.0;3.7;9.4;SE;24.38;4.24
17-10-2019;25.6;34.0;18.4;58.1;92.7;29.9;0.0;2.7;8.5;L;25.33;4.78
18-10-2019;26.3;33.7;20.8;51.9;89.1;27.2;1.2;1.9;6.4;SE;18.95;3.74
19-10-2019;23.6;30.8;17.8;73.7;99.5;42.6;9.8;3.4;10.6;S;23.34;4.08
20-10-2019;21.4;28.4;16.3;73.1;98.4;48.0;0.0;4.2;8.9;S;26.79;4.29
21-10-2019;18.0;24.4;14.2;83.5;99.5;58.5;3.6;1.9;7.7;S;11.96;1.98
22-10-2019;19.9;25.6;15.4;84.0;99.5;57.4;0.2;1.7;6.4;SO;17.79;3.13
23-10-2019;22.6;30.7;16.3;68.0;92.1;35.3;0.0;3.1;8.8;S;23.46;4.09
24-10-2019;23.8;32.2;17.1;66.6;92.3;31.8;0.0;3.1;8.6;L;22.85;4.08
25-10-2019;25.7;34.0;18.7;52.1;82.8;22.7;0.0;2.2;8.0;SE;26.65;5.14
26-10-2019;26.2;33.9;20.4;50.8;70.6;26.6;0.0;2.8;8.0;SE;26.39;5.02
27-10-2019;25.8;34.0;19.4;56.5;97.9;29.3;4.0;3.2;8.3;NE;25.61;4.75
28-10-2019;21.9;27.6;17.5;81.7;99.5;54.0;7.0;2.3;9.4;NO;16.19;2.86
29-10-2019;23.7;31.7;18.2;70.4;99.5;34.9;9.4;1.6;9.4;N;22.23;4.25
30-10-2019;24.1;32.4;18.5;71.5;99.4;39.7;0.8;2.3;12.8;SE;23.52;4.37
31-10-2019;24.6;32.0;19.1;65.5;88.0;34.8;0.0;2.6;7.1;SE;24.88;4.61
01-11-2019;24.6;31.8;19.1;67.4;89.7;35.6;0.0;3.7;8.5;SE;26.12;4.60
02-11-2019;24.7;32.2;18.6;63.7;93.8;32.8;0.0;2.4;9.1;L;26.63;4.99
03-11-2019;26.8;33.9;19.9;51.4;80.8;26.7;0.0;1.7;7.1;NE;26.23;5.27
04-11-2019;27.4;34.0;20.5;53.7;81.6;32.6;0.0;1.9;8.2;N;24.38;4.90
05-11-2019;23.6;30.9;19.3;82.6;99.6;50.0;49.4;3.5;11.8;NE;23.38;4.04
06-11-2019;21.5;27.1;18.2;87.4;99.6;62.7;1.0;3.6;9.7;S;22.25;3.65
07-11-2019;22.9;30.7;17.1;78.5;99.5;48.0;0.0;2.2;7.3;SE;22.20;4.04
08-11-2019;20.8;25.4;18.3;94.2;99.5;73.6;12.6;1.8;5.9;S;7.81;1.36
09-11-2019;22.7;28.8;19.4;84.1;99.5;52.0;0.0;2.1;5.5;SE;14.43;2.61
10-11-2019;21.5;24.2;19.5;91.9;99.5;70.4;6.4;1.4;5.2;S;7.37;1.34
11-11-2019;22.8;28.2;18.5;80.9;98.9;57.4;0.0;3.6;10.1;S;22.82;3.87
12-11-2019;22.9;30.2;17.9;73.1;93.6;46.6;0.0;3.7;8.0;SE;22.91;3.90
13-11-2019;23.1;29.3;18.1;76.3;95.0;51.5;0.0;3.3;11.2;L;21.67;3.76
14-11-2019;21.3;27.2;18.4;91.4;99.7;59.6;26.0;2.8;12.2;N;14.61;2.47
15-11-2019;20.4;23.6;18.1;97.7;99.8;81.3;3.8;2.4;8.3;NO;10.81;1.82
16-11-2019;21.2;27.4;15.8;69.5;99.6;42.9;0.0;3.2;8.0;S;30.19;5.05
17-11-2019;21.7;29.7;14.3;69.0;99.5;33.6;0.0;3.1;8.9;S;28.89;4.93
18-11-2019;22.7;30.8;15.6;75.3;99.4;38.1;0.0;3.1;9.1;SE;27.02;4.69
19-11-2019;23.4;31.0;17.2;76.2;99.5;37.7;0.0;2.3;7.7;SE;26.39;4.83
20-11-2019;22.1;30.2;18.0;81.5;99.5;41.8;0.4;2.9;8.5;SE;18.58;3.22
21-11-2019;23.9;30.6;18.3;71.2;99.4;40.6;0.0;2.5;8.9;L;30.33;5.55
22-11-2019;23.0;29.6;19.1;78.6;99.6;46.1;6.0;2.2;10.1;NE;23.78;4.34
23-11-2019;23.4;30.9;17.8;81.1;99.6;41.8;0.2;2.3;10.0;NO;26.56;4.87
24-11-2019;17.9;21.7;14.7;89.6;99.5;70.4;2.6;4.6;10.0;S;15.99;2.26
25-11-2019;20.5;27.6;13.4;79.6;98.8;59.7;0.0;2.8;7.3;SE;20.21;3.39
26-11-2019;23.9;31.0;18.2;74.3;95.4;49.6;0.0;3.1;8.9;L;27.68;4.94
27-11-2019;23.1;29.3;20.1;84.0;99.7;55.0;23.6;2.7;11.2;NE;17.89;3.18
28-11-2019;20.5;26.5;16.6;95.1;99.7;68.3;2.8;3.1;10.1;SE;16.16;2.64
29-11-2019;21.6;28.6;14.7;84.8;99.6;59.9;0.6;3.0;8.9;SE;22.81;3.87
30-11-2019;23.1;28.4;20.4;93.1;99.6;67.1;12.8;1.6;7.1;N;20.84;3.91
01-12-2019;22.2;27.1;19.6;91.3;99.7;66.6;30.2;2.1;10.3;NO;13.06;2.34
02-12-2019;21.2;26.8;16.0;84.7;99.6;63.3;2.0;4.0;9.5;S;23.44;3.74
03-12-2019;21.3;29.2;14.7;82.0;99.6;52.6;0.0;2.5;7.4;SE;20.34;3.53
04-12-2019;22.5;28.5;19.5;89.3;99.6;60.6;19.6;1.9;8.8;NE;17.11;3.12
05-12-2019;21.5;26.6;19.5;98.1;99.7;78.4;21.8;2.0;11.3;N;9.83;1.73
06-12-2019;21.1;25.2;19.3;98.6;99.7;82.4;6.4;2.2;8.5;NO;12.46;2.16
07-12-2019;22.8;28.9;18.7;72.5;99.6;45.3;0.0;2.2;7.9;SE;22.14;4.04
08-12-2019;23.6;30.1;18.0;66.4;87.3;46.9;0.0;2.8;7.7;SE;27.10;4.87
09-12-2019;22.6;30.0;19.3;85.2;99.6;54.7;8.6;2.1;8.5;NE;19.02;3.45
10-12-2019;21.7;25.3;19.0;95.9;99.7;75.4;6.6;1.7;8.3;N;11.66;2.10
11-12-2019;20.1;22.3;18.5;98.8;99.7;88.8;8.8;1.1;5.9;N;7.86;1.41
12-12-2019;21.6;26.5;18.2;92.8;99.7;65.9;0.2;1.8;8.8;N;15.46;2.78
13-12-2019;23.1;30.2;19.4;86.9;99.5;50.1;0.0;1.5;7.9;S;18.43;3.48
14-12-2019;23.4;29.8;19.8;83.3;99.5;48.6;0.0;3.4;7.4;SE;20.64;3.58
15-12-2019;24.6;29.4;20.2;72.1;99.5;46.3;0.0;2.3;7.9;L;22.16;4.15
16-12-2019;25.4;31.3;20.6;62.9;83.4;38.9;0.0;2.2;8.6;NE;27.29;5.23
17-12-2019;23.3;29.3;19.3;78.0;99.4;48.6;1.0;2.5;9.4;SO;21.58;3.91
18-12-2019;21.1;24.8;18.1;91.1;99.6;69.4;18.6;2.1;5.5;SE;12.46;2.18
19-12-2019;21.8;27.6;18.9;88.8;99.5;56.6;6.6;1.6;5.2;SE;13.53;2.47
20-12-2019;22.2;27.9;19.7;88.4;99.5;55.7;2.6;1.5;5.3;L;15.17;2.81
21-12-2019;21.7;27.5;18.1;88.0;99.5;60.3;18.2;2.8;11.0;N;21.29;3.65
22-12-2019;20.8;25.8;18.1;94.7;99.5;68.1;2.8;1.4;7.3;NO;14.41;2.62
23-12-2019;20.1;21.8;18.8;99.5;99.6;96.5;34.0;1.0;5.0;N;5.36;0.95
24-12-2019;22.3;29.6;16.4;76.6;99.5;46.5;0.2;2.0;5.6;SE;28.32;5.15
25-12-2019;24.4;32.2;18.8;69.6;99.3;29.6;0.0;2.1;6.8;L;28.86;5.45
26-12-2019;24.9;32.4;19.2;62.7;88.4;37.7;1.6;2.5;9.1;SE;25.16;4.70
27-12-2019;25.1;33.1;19.8;72.5;94.9;40.1;0.0;2.5;7.3;SE;26.73;5.01
28-12-2019;24.9;31.6;19.9;73.1;96.7;42.1;0.2;2.3;6.4;SE;25.04;4.73
29-12-2019;24.5;30.9;19.6;75.8;99.4;46.9;0.0;2.4;7.1;SE;22.19;4.14
30-12-2019;24.3;30.4;20.3;72.7;95.2;45.8;0.0;2.5;7.7;L;25.95;4.79
31-12-2019;24.4;30.6;19.6;72.2;96.8;48.9;6.0;1.7;8.5;L;22.82;4.39